time,palm_pos,palm_vel,span
1551878182.677348, 0.000000, 0.000000, 0.000000
1551878182.682786, 0.000000, 0.000000, 0.000000
1551878182.693216, 0.000000, 0.000000, 0.000000
1551878182.698744, 0.000000, 0.000000, 0.000000
1551878182.704581, 0.000000, 0.000000, 0.000000
1551878182.710481, 109.096535, 264.005707, 91.807934
1551878182.715739, 109.096535, 264.005707, 91.807934
1551878182.721075, 109.096535, 264.005707, 91.807934
1551878182.726500, 113.095573, 246.962540, 91.475605
1551878182.731804, 113.095573, 246.962540, 91.475605
1551878182.737398, 113.095573, 246.962540, 91.475605
1551878182.742976, 115.530380, 199.370316, 91.112764
1551878182.749293, 115.530380, 199.370316, 91.112764
1551878182.758230, 115.530380, 199.370316, 91.112764
1551878182.764094, 115.937325, 118.022331, 90.747825
1551878182.772575, 115.937325, 118.022331, 90.747825
1551878182.786204, 115.937325, 118.022331, 90.747825
1551878182.792843, 114.596458, 23.710577, 90.300828
1551878182.799913, 114.596458, 23.710577, 90.300828
1551878182.806317, 114.596458, 23.710577, 90.300828
1551878182.814138, 114.596458, 23.710577, 90.300828
1551878182.819556, 111.280876, -61.498920, 88.516671
1551878182.825230, 111.280876, -61.498920, 88.516671
1551878182.830552, 107.305397, -144.421677, 87.760829
1551878182.835830, 107.305397, -144.421677, 87.760829
1551878182.842350, 107.305397, -144.421677, 87.760829
1551878182.847777, 99.435097, -287.026276, 87.102615
1551878182.853208, 99.435097, -287.026276, 87.102615
1551878182.858776, 99.435097, -287.026276, 87.102615
1551878182.865063, 93.315948, -311.838928, 86.732231
1551878182.870935, 93.315948, -311.838928, 86.732231
1551878182.876394, 93.315948, -311.838928, 86.732231
1551878182.881685, 93.315948, -311.838928, 86.732231
1551878182.887153, 87.719246, -314.020081, 86.359073
1551878182.892515, 87.719246, -314.020081, 86.359073
1551878182.897808, 87.719246, -314.020081, 86.359073
1551878182.903213, 83.372292, -293.232635, 86.070166
1551878182.908495, 83.372292, -293.232635, 86.070166
1551878182.914320, 83.372292, -293.232635, 86.070166
1551878182.919864, 82.261032, -187.438736, 85.893895
1551878182.925156, 82.261032, -187.438736, 85.893895
1551878182.930433, 82.261032, -187.438736, 85.893895
1551878182.935820, 82.261032, -187.438736, 85.893895
1551878182.941251, 79.097443, -185.090775, 85.724699
1551878182.946539, 79.097443, -185.090775, 85.724699
1551878182.952619, 75.869171, -185.260742, 85.470804
1551878182.958078, 75.869171, -185.260742, 85.470804
1551878182.963585, 75.869171, -185.260742, 85.470804
1551878182.969100, 75.869171, -185.260742, 85.470804
1551878182.974481, 75.869171, -185.260742, 85.470804
1551878182.979918, 75.869171, -185.260742, 85.470804
1551878182.985177, 75.869171, -185.260742, 85.470804
1551878182.990530, 75.869171, -185.260742, 85.470804
1551878182.995768, 75.869171, -185.260742, 85.470804
1551878183.000939, 75.869171, -185.260742, 85.470804
1551878183.006299, 75.869171, -185.260742, 85.470804
1551878183.011606, 75.869171, -185.260742, 85.470804
1551878183.017005, 75.869171, -185.260742, 85.470804
1551878183.022469, 75.869171, -185.260742, 85.470804
1551878183.027715, 75.869171, -185.260742, 85.470804
1551878183.033186, 75.869171, -185.260742, 85.470804
1551878183.039020, 75.869171, -185.260742, 85.470804
1551878183.044236, 75.869171, -185.260742, 85.470804
1551878183.049563, 75.869171, -185.260742, 85.470804
1551878183.055144, 75.869171, -185.260742, 85.470804
1551878183.064367, 75.869171, -185.260742, 85.470804
1551878183.069473, 75.869171, -185.260742, 85.470804
1551878183.074664, 75.869171, -185.260742, 85.470804
1551878183.079746, 75.869171, -185.260742, 85.470804
1551878183.085221, 75.869171, -185.260742, 85.470804
1551878183.090374, 75.869171, -185.260742, 85.470804
1551878183.095614, 75.869171, -185.260742, 85.470804
1551878183.106651, 75.869171, -185.260742, 85.470804
1551878183.111823, 75.869171, -185.260742, 85.470804
1551878183.116993, 75.869171, -185.260742, 85.470804
1551878183.123008, 75.869171, -185.260742, 85.470804
1551878183.128137, 75.869171, -185.260742, 85.470804
1551878183.133373, 75.869171, -185.260742, 85.470804
1551878183.138547, 75.869171, -185.260742, 85.470804
1551878183.143734, 75.869171, -185.260742, 85.470804
1551878183.148851, 75.869171, -185.260742, 85.470804
1551878183.154388, 75.869171, -185.260742, 85.470804
1551878183.159912, 75.869171, -185.260742, 85.470804
1551878183.165819, 75.869171, -185.260742, 85.470804
1551878183.171148, 75.869171, -185.260742, 85.470804
1551878183.176886, 75.869171, -185.260742, 85.470804
1551878183.183080, 75.869171, -185.260742, 85.470804
1551878183.189735, 75.869171, -185.260742, 85.470804
1551878183.198055, 75.869171, -185.260742, 85.470804
1551878183.203699, 75.869171, -185.260742, 85.470804
1551878183.209408, 75.869171, -185.260742, 85.470804
1551878183.216170, 75.869171, -185.260742, 85.470804
1551878183.221734, 75.869171, -185.260742, 85.470804
1551878183.227337, 75.869171, -185.260742, 85.470804
1551878183.246622, 75.869171, -185.260742, 85.470804
1551878183.252344, 75.869171, -185.260742, 85.470804
1551878183.257745, 75.869171, -185.260742, 85.470804
1551878183.263844, 75.869171, -185.260742, 85.470804
1551878183.269081, 75.869171, -185.260742, 85.470804
1551878183.279735, 75.869171, -185.260742, 85.470804
1551878183.284982, 75.869171, -185.260742, 85.470804
1551878183.294034, 75.869171, -185.260742, 85.470804
1551878183.305210, 75.869171, -185.260742, 85.470804
1551878183.310459, 75.869171, -185.260742, 85.470804
1551878183.315577, 75.869171, -185.260742, 85.470804
1551878183.321054, 75.869171, -185.260742, 85.470804
1551878183.327123, 75.869171, -185.260742, 85.470804
1551878183.332800, 75.869171, -185.260742, 85.470804
1551878183.337899, 75.869171, -185.260742, 85.470804
1551878183.343685, 75.869171, -185.260742, 85.470804
1551878183.349062, 75.869171, -185.260742, 85.470804
1551878183.354317, 75.869171, -185.260742, 85.470804
1551878183.359659, 75.869171, -185.260742, 85.470804
1551878183.365413, 75.869171, -185.260742, 85.470804
1551878183.370529, 75.869171, -185.260742, 85.470804
1551878183.376262, 75.869171, -185.260742, 85.470804
1551878183.381570, 75.869171, -185.260742, 85.470804
1551878183.386804, 75.869171, -185.260742, 85.470804
1551878183.393583, 75.869171, -185.260742, 85.470804
1551878183.399027, 75.869171, -185.260742, 85.470804
1551878183.404265, 75.869171, -185.260742, 85.470804
1551878183.410026, 75.869171, -185.260742, 85.470804
1551878183.415168, 75.869171, -185.260742, 85.470804
1551878183.420933, 75.869171, -185.260742, 85.470804
1551878183.426975, 75.869171, -185.260742, 85.470804
1551878183.433224, 75.869171, -185.260742, 85.470804
1551878183.438358, 75.869171, -185.260742, 85.470804
1551878183.444341, 75.869171, -185.260742, 85.470804
1551878183.449647, 75.869171, -185.260742, 85.470804
1551878183.455402, 75.869171, -185.260742, 85.470804
1551878183.460985, 75.869171, -185.260742, 85.470804
1551878183.466299, 75.869171, -185.260742, 85.470804
1551878183.472050, 75.869171, -185.260742, 85.470804
1551878183.477740, 75.869171, -185.260742, 85.470804
1551878183.483426, 75.869171, -185.260742, 85.470804
1551878183.488682, 75.869171, -185.260742, 85.470804
1551878183.493825, 75.869171, -185.260742, 85.470804
1551878183.499589, 75.869171, -185.260742, 85.470804
1551878183.505301, 75.869171, -185.260742, 85.470804
1551878183.510591, 75.869171, -185.260742, 85.470804
1551878183.517813, 75.869171, -185.260742, 85.470804
1551878183.525660, 75.869171, -185.260742, 85.470804
1551878183.531390, 75.869171, -185.260742, 85.470804
1551878183.538877, 75.869171, -185.260742, 85.470804
1551878183.545407, 75.869171, -185.260742, 85.470804
1551878183.550765, 75.869171, -185.260742, 85.470804
1551878183.559720, 75.869171, -185.260742, 85.470804
1551878183.568726, 75.869171, -185.260742, 85.470804
1551878183.573944, 75.869171, -185.260742, 85.470804
1551878183.579262, 75.869171, -185.260742, 85.470804
1551878183.584781, 75.869171, -185.260742, 85.470804
1551878183.591594, 75.869171, -185.260742, 85.470804
1551878183.598006, 75.869171, -185.260742, 85.470804
1551878183.603874, 75.869171, -185.260742, 85.470804
1551878183.609049, 75.869171, -185.260742, 85.470804
1551878183.614851, 75.869171, -185.260742, 85.470804
1551878183.623986, 75.869171, -185.260742, 85.470804
1551878183.629296, 75.869171, -185.260742, 85.470804
1551878183.634739, 75.869171, -185.260742, 85.470804
1551878183.640488, 75.869171, -185.260742, 85.470804
1551878183.646206, 75.869171, -185.260742, 85.470804
1551878183.651358, 75.869171, -185.260742, 85.470804
1551878183.656611, 75.869171, -185.260742, 85.470804
1551878183.662333, 75.869171, -185.260742, 85.470804
1551878183.667623, 75.869171, -185.260742, 85.470804
1551878183.673386, 75.869171, -185.260742, 85.470804
1551878183.679198, 75.869171, -185.260742, 85.470804
1551878183.684689, 75.869171, -185.260742, 85.470804
1551878183.690444, 75.869171, -185.260742, 85.470804
1551878183.695610, 75.869171, -185.260742, 85.470804
1551878183.701056, 75.869171, -185.260742, 85.470804
1551878183.706242, 75.869171, -185.260742, 85.470804
1551878183.711949, 75.869171, -185.260742, 85.470804
1551878183.717826, 75.869171, -185.260742, 85.470804
1551878183.723639, 75.869171, -185.260742, 85.470804
1551878183.729362, 75.869171, -185.260742, 85.470804
1551878183.735081, 75.869171, -185.260742, 85.470804
1551878183.740832, 75.869171, -185.260742, 85.470804
1551878183.746013, 75.869171, -185.260742, 85.470804
1551878183.751351, 75.869171, -185.260742, 85.470804
1551878183.760630, 75.869171, -185.260742, 85.470804
1551878183.766593, 75.869171, -185.260742, 85.470804
1551878183.771838, 75.869171, -185.260742, 85.470804
1551878183.777034, 75.869171, -185.260742, 85.470804
1551878183.782684, 75.869171, -185.260742, 85.470804
1551878183.788635, 75.869171, -185.260742, 85.470804
1551878183.794002, 75.869171, -185.260742, 85.470804
1551878183.799616, 75.869171, -185.260742, 85.470804
1551878183.805089, 75.869171, -185.260742, 85.470804
1551878183.810640, 75.869171, -185.260742, 85.470804
1551878183.815862, 75.869171, -185.260742, 85.470804
1551878183.821076, 75.869171, -185.260742, 85.470804
1551878183.826300, 75.869171, -185.260742, 85.470804
1551878183.831474, 75.869171, -185.260742, 85.470804
1551878183.837043, 75.869171, -185.260742, 85.470804
1551878183.842850, 75.869171, -185.260742, 85.470804
1551878183.848611, 75.869171, -185.260742, 85.470804
1551878183.853729, 75.869171, -185.260742, 85.470804
1551878183.859817, 75.869171, -185.260742, 85.470804
1551878183.865190, 75.869171, -185.260742, 85.470804
1551878183.870717, 75.869171, -185.260742, 85.470804
1551878183.876176, 75.869171, -185.260742, 85.470804
1551878183.881924, 75.869171, -185.260742, 85.470804
1551878183.887219, 75.869171, -185.260742, 85.470804
1551878183.892537, 75.869171, -185.260742, 85.470804
1551878183.897685, 75.869171, -185.260742, 85.470804
1551878183.903023, 75.869171, -185.260742, 85.470804
1551878183.908710, 75.869171, -185.260742, 85.470804
1551878183.914467, 75.869171, -185.260742, 85.470804
1551878183.919656, 75.869171, -185.260742, 85.470804
1551878183.925055, 75.869171, -185.260742, 85.470804
1551878183.930549, 75.869171, -185.260742, 85.470804
1551878183.935928, 75.869171, -185.260742, 85.470804
1551878183.941529, 75.869171, -185.260742, 85.470804
1551878183.947040, 75.869171, -185.260742, 85.470804
1551878183.952386, 75.869171, -185.260742, 85.470804
1551878183.958155, 75.869171, -185.260742, 85.470804
1551878183.964438, 75.869171, -185.260742, 85.470804
1551878183.969845, 75.869171, -185.260742, 85.470804
1551878183.975088, 75.869171, -185.260742, 85.470804
1551878183.980906, 75.869171, -185.260742, 85.470804
1551878183.986089, 75.869171, -185.260742, 85.470804
1551878183.991541, 75.869171, -185.260742, 85.470804
1551878183.997273, 75.869171, -185.260742, 85.470804
1551878184.002451, 75.869171, -185.260742, 85.470804
1551878184.008343, 75.869171, -185.260742, 85.470804
1551878184.013907, 75.869171, -185.260742, 85.470804
1551878184.019071, 75.869171, -185.260742, 85.470804
1551878184.024478, 75.869171, -185.260742, 85.470804
1551878184.030216, 75.869171, -185.260742, 85.470804
1551878184.036146, 75.869171, -185.260742, 85.470804
1551878184.041885, 75.869171, -185.260742, 85.470804
1551878184.047242, 75.869171, -185.260742, 85.470804
1551878184.052845, 75.869171, -185.260742, 85.470804
1551878184.058122, 75.869171, -185.260742, 85.470804
1551878184.063761, 75.869171, -185.260742, 85.470804
1551878184.069105, 75.869171, -185.260742, 85.470804
1551878184.074382, 75.869171, -185.260742, 85.470804
1551878184.080107, 75.869171, -185.260742, 85.470804
1551878184.085365, 75.869171, -185.260742, 85.470804
1551878184.090744, 75.869171, -185.260742, 85.470804
1551878184.096365, 75.869171, -185.260742, 85.470804
1551878184.101566, 75.869171, -185.260742, 85.470804
1551878184.107270, 75.869171, -185.260742, 85.470804
1551878184.112871, 75.869171, -185.260742, 85.470804
1551878184.118254, 75.869171, -185.260742, 85.470804
1551878184.123941, 75.869171, -185.260742, 85.470804
1551878184.129239, 75.869171, -185.260742, 85.470804
1551878184.134912, 75.869171, -185.260742, 85.470804
1551878184.140145, 75.869171, -185.260742, 85.470804
1551878184.145906, 75.869171, -185.260742, 85.470804
1551878184.151073, 75.869171, -185.260742, 85.470804
1551878184.157539, 75.869171, -185.260742, 85.470804
1551878184.162731, 75.869171, -185.260742, 85.470804
1551878184.167918, 75.869171, -185.260742, 85.470804
1551878184.173506, 75.869171, -185.260742, 85.470804
1551878184.179514, 75.869171, -185.260742, 85.470804
1551878184.185054, 75.869171, -185.260742, 85.470804
1551878184.190681, 75.869171, -185.260742, 85.470804
1551878184.196278, 75.869171, -185.260742, 85.470804
1551878184.201644, 75.869171, -185.260742, 85.470804
1551878184.207322, 75.869171, -185.260742, 85.470804
1551878184.212803, 75.869171, -185.260742, 85.470804
1551878184.218455, 75.869171, -185.260742, 85.470804
1551878184.223959, 75.869171, -185.260742, 85.470804
1551878184.229470, 75.869171, -185.260742, 85.470804
1551878184.234732, 75.869171, -185.260742, 85.470804
1551878184.240453, 75.869171, -185.260742, 85.470804
1551878184.245728, 75.869171, -185.260742, 85.470804
1551878184.251282, 75.869171, -185.260742, 85.470804
1551878184.256915, 75.869171, -185.260742, 85.470804
1551878184.262645, 75.869171, -185.260742, 85.470804
1551878184.267790, 75.869171, -185.260742, 85.470804
1551878184.273537, 75.869171, -185.260742, 85.470804
1551878184.279226, 75.869171, -185.260742, 85.470804
1551878184.284402, 75.869171, -185.260742, 85.470804
1551878184.289511, 75.869171, -185.260742, 85.470804
1551878184.295088, 75.869171, -185.260742, 85.470804
1551878184.300923, 75.869171, -185.260742, 85.470804
1551878184.307330, 75.869171, -185.260742, 85.470804
1551878184.313063, 75.869171, -185.260742, 85.470804
1551878184.318777, 75.869171, -185.260742, 85.470804
1551878184.324436, 75.869171, -185.260742, 85.470804
1551878184.330156, 75.869171, -185.260742, 85.470804
1551878184.335725, 75.869171, -185.260742, 85.470804
1551878184.341461, 75.869171, -185.260742, 85.470804
1551878184.347230, 75.869171, -185.260742, 85.470804
1551878184.358078, 75.869171, -185.260742, 85.470804
1551878184.365006, 75.869171, -185.260742, 85.470804
1551878184.370770, 75.869171, -185.260742, 85.470804
1551878184.376306, 75.869171, -185.260742, 85.470804
1551878184.381514, 75.869171, -185.260742, 85.470804
1551878184.386746, 75.869171, -185.260742, 85.470804
1551878184.392016, 75.869171, -185.260742, 85.470804
1551878184.397420, 75.869171, -185.260742, 85.470804
1551878184.403286, 75.869171, -185.260742, 85.470804
1551878184.409046, 75.869171, -185.260742, 85.470804
1551878184.414194, 75.869171, -185.260742, 85.470804
1551878184.419836, 75.869171, -185.260742, 85.470804
1551878184.425608, 75.869171, -185.260742, 85.470804
1551878184.430743, 75.869171, -185.260742, 85.470804
1551878184.436474, 75.869171, -185.260742, 85.470804
1551878184.442006, 75.869171, -185.260742, 85.470804
1551878184.447297, 75.869171, -185.260742, 85.470804
1551878184.452481, 75.869171, -185.260742, 85.470804
1551878184.458188, 75.869171, -185.260742, 85.470804
1551878184.463591, 75.869171, -185.260742, 85.470804
1551878184.468804, 75.869171, -185.260742, 85.470804
1551878184.475304, 75.869171, -185.260742, 85.470804
1551878184.480553, 75.869171, -185.260742, 85.470804
1551878184.486325, 75.869171, -185.260742, 85.470804
1551878184.491763, 75.869171, -185.260742, 85.470804
1551878184.497361, 75.869171, -185.260742, 85.470804
1551878184.502932, 75.869171, -185.260742, 85.470804
1551878184.508692, 75.869171, -185.260742, 85.470804
1551878184.514420, 75.869171, -185.260742, 85.470804
1551878184.519987, 75.869171, -185.260742, 85.470804
1551878184.525707, 75.869171, -185.260742, 85.470804
1551878184.530900, 75.869171, -185.260742, 85.470804
1551878184.536222, 75.869171, -185.260742, 85.470804
1551878184.541543, 75.869171, -185.260742, 85.470804
1551878184.547290, 75.869171, -185.260742, 85.470804
1551878184.552453, 75.869171, -185.260742, 85.470804
1551878184.558142, 75.869171, -185.260742, 85.470804
1551878184.565166, 75.869171, -185.260742, 85.470804
1551878184.570595, 75.869171, -185.260742, 85.470804
1551878184.576055, 75.869171, -185.260742, 85.470804
1551878184.581603, 75.869171, -185.260742, 85.470804
1551878184.587056, 75.869171, -185.260742, 85.470804
1551878184.592536, 75.869171, -185.260742, 85.470804
1551878184.597776, 75.869171, -185.260742, 85.470804
1551878184.603006, 75.869171, -185.260742, 85.470804
1551878184.608119, 75.869171, -185.260742, 85.470804
1551878184.613839, 75.869171, -185.260742, 85.470804
1551878184.621923, 75.869171, -185.260742, 85.470804
1551878184.627306, 75.869171, -185.260742, 85.470804
1551878184.632890, 75.869171, -185.260742, 85.470804
1551878184.638512, 75.869171, -185.260742, 85.470804
1551878184.644237, 75.869171, -185.260742, 85.470804
1551878184.649549, 75.869171, -185.260742, 85.470804
1551878184.656301, 75.869171, -185.260742, 85.470804
1551878184.661878, 75.869171, -185.260742, 85.470804
1551878184.667652, 75.869171, -185.260742, 85.470804
1551878184.672812, 75.869171, -185.260742, 85.470804
1551878184.678245, 75.869171, -185.260742, 85.470804
1551878184.683494, 75.869171, -185.260742, 85.470804
1551878184.689050, 75.869171, -185.260742, 85.470804
1551878184.694235, 75.869171, -185.260742, 85.470804
1551878184.701011, 75.869171, -185.260742, 85.470804
1551878184.706354, 75.869171, -185.260742, 85.470804
1551878184.712280, 75.869171, -185.260742, 85.470804
1551878184.717487, 75.869171, -185.260742, 85.470804
1551878184.724067, 75.869171, -185.260742, 85.470804
1551878184.729794, 75.869171, -185.260742, 85.470804
1551878184.735118, 75.869171, -185.260742, 85.470804
1551878184.740861, 75.869171, -185.260742, 85.470804
1551878184.746420, 75.869171, -185.260742, 85.470804
1551878184.751682, 75.869171, -185.260742, 85.470804
1551878184.757079, 75.869171, -185.260742, 85.470804
1551878184.762789, 75.869171, -185.260742, 85.470804
1551878184.767990, 75.869171, -185.260742, 85.470804
1551878184.773752, 75.869171, -185.260742, 85.470804
1551878184.779429, 75.869171, -185.260742, 85.470804
1551878184.785109, 75.869171, -185.260742, 85.470804
1551878184.790319, 75.869171, -185.260742, 85.470804
1551878184.796341, 75.869171, -185.260742, 85.470804
1551878184.801629, 75.869171, -185.260742, 85.470804
1551878184.807501, 75.869171, -185.260742, 85.470804
1551878184.813114, 75.869171, -185.260742, 85.470804
1551878184.818298, 75.869171, -185.260742, 85.470804
1551878184.824610, 75.869171, -185.260742, 85.470804
1551878184.829994, 75.869171, -185.260742, 85.470804
1551878184.835742, 75.869171, -185.260742, 85.470804
1551878184.841418, 75.869171, -185.260742, 85.470804
1551878184.846885, 75.869171, -185.260742, 85.470804
1551878184.852082, 75.869171, -185.260742, 85.470804
1551878184.857254, 75.869171, -185.260742, 85.470804
1551878184.862815, 75.869171, -185.260742, 85.470804
1551878184.868559, 75.869171, -185.260742, 85.470804
1551878184.874283, 75.869171, -185.260742, 85.470804
1551878184.879734, 75.869171, -185.260742, 85.470804
1551878184.885485, 75.869171, -185.260742, 85.470804
1551878184.891267, 75.869171, -185.260742, 85.470804
1551878184.896551, 75.869171, -185.260742, 85.470804
1551878184.901928, 75.869171, -185.260742, 85.470804
1551878184.907396, 75.869171, -185.260742, 85.470804
1551878184.912795, 75.869171, -185.260742, 85.470804
1551878184.918311, 75.869171, -185.260742, 85.470804
1551878184.924086, 75.869171, -185.260742, 85.470804
1551878184.929471, 75.869171, -185.260742, 85.470804
1551878184.935055, 75.869171, -185.260742, 85.470804
1551878184.940619, 75.869171, -185.260742, 85.470804
1551878184.946068, 75.869171, -185.260742, 85.470804
1551878184.951367, 75.869171, -185.260742, 85.470804
1551878184.957328, 75.869171, -185.260742, 85.470804
1551878184.963081, 75.869171, -185.260742, 85.470804
1551878184.969765, 75.869171, -185.260742, 85.470804
1551878184.975468, 75.869171, -185.260742, 85.470804
1551878184.980976, 75.869171, -185.260742, 85.470804
1551878184.986267, 75.869171, -185.260742, 85.470804
1551878184.992073, 75.869171, -185.260742, 85.470804
1551878184.997638, 75.869171, -185.260742, 85.470804
1551878185.002904, 75.869171, -185.260742, 85.470804
1551878185.008654, 75.869171, -185.260742, 85.470804
1551878185.014663, 75.869171, -185.260742, 85.470804
1551878185.019841, 75.869171, -185.260742, 85.470804
1551878185.025561, 75.869171, -185.260742, 85.470804
1551878185.031157, 75.869171, -185.260742, 85.470804
1551878185.036842, 75.869171, -185.260742, 85.470804
1551878185.042166, 75.869171, -185.260742, 85.470804
1551878185.047911, 75.869171, -185.260742, 85.470804
1551878185.053167, 75.869171, -185.260742, 85.470804
1551878185.058473, 75.869171, -185.260742, 85.470804
1551878185.065463, 75.869171, -185.260742, 85.470804
1551878185.071220, 75.869171, -185.260742, 85.470804
1551878185.076466, 75.869171, -185.260742, 85.470804
1551878185.082385, 75.869171, -185.260742, 85.470804
1551878185.089802, 75.869171, -185.260742, 85.470804
1551878185.095516, 75.869171, -185.260742, 85.470804
1551878185.100774, 75.869171, -185.260742, 85.470804
1551878185.106490, 75.869171, -185.260742, 85.470804
1551878185.112190, 75.869171, -185.260742, 85.470804
1551878185.117593, 75.869171, -185.260742, 85.470804
1551878185.123104, 75.869171, -185.260742, 85.470804
1551878185.128828, 75.869171, -185.260742, 85.470804
1551878185.134081, 75.869171, -185.260742, 85.470804
1551878185.139233, 75.869171, -185.260742, 85.470804
1551878185.144544, 75.869171, -185.260742, 85.470804
1551878185.149692, 75.869171, -185.260742, 85.470804
1551878185.155434, 75.869171, -185.260742, 85.470804
1551878185.160635, 75.869171, -185.260742, 85.470804
1551878185.166750, 75.869171, -185.260742, 85.470804
1551878185.172547, 75.869171, -185.260742, 85.470804
1551878185.178151, 75.869171, -185.260742, 85.470804
1551878185.183285, 75.869171, -185.260742, 85.470804
1551878185.189084, 75.869171, -185.260742, 85.470804
1551878185.194741, 75.869171, -185.260742, 85.470804
1551878185.200218, 75.869171, -185.260742, 85.470804
1551878185.205505, 75.869171, -185.260742, 85.470804
1551878185.210766, 75.869171, -185.260742, 85.470804
1551878185.218627, 75.869171, -185.260742, 85.470804
1551878185.224045, 75.869171, -185.260742, 85.470804
1551878185.229408, 75.869171, -185.260742, 85.470804
1551878185.235205, 75.869171, -185.260742, 85.470804
1551878185.241094, 75.869171, -185.260742, 85.470804
1551878185.246433, 75.869171, -185.260742, 85.470804
1551878185.251818, 75.869171, -185.260742, 85.470804
1551878185.256965, 75.869171, -185.260742, 85.470804
1551878185.262251, 75.869171, -185.260742, 85.470804
1551878185.268756, 75.869171, -185.260742, 85.470804
1551878185.274524, 75.869171, -185.260742, 85.470804
1551878185.280430, 75.869171, -185.260742, 85.470804
1551878185.286695, 75.869171, -185.260742, 85.470804
1551878185.292413, 75.869171, -185.260742, 85.470804
1551878185.297804, 75.869171, -185.260742, 85.470804
1551878185.303217, 75.869171, -185.260742, 85.470804
1551878185.308579, 75.869171, -185.260742, 85.470804
1551878185.313855, 75.869171, -185.260742, 85.470804
1551878185.319190, 75.869171, -185.260742, 85.470804
1551878185.324377, 75.869171, -185.260742, 85.470804
1551878185.330103, 75.869171, -185.260742, 85.470804
1551878185.335354, 75.869171, -185.260742, 85.470804
1551878185.344825, 75.869171, -185.260742, 85.470804
1551878185.350790, 75.869171, -185.260742, 85.470804
1551878185.358104, 75.869171, -185.260742, 85.470804
1551878185.364071, 75.869171, -185.260742, 85.470804
1551878185.369345, 75.869171, -185.260742, 85.470804
1551878185.374986, 75.869171, -185.260742, 85.470804
1551878185.380330, 75.869171, -185.260742, 85.470804
1551878185.385733, 75.869171, -185.260742, 85.470804
1551878185.391366, 75.869171, -185.260742, 85.470804
1551878185.396678, 75.869171, -185.260742, 85.470804
1551878185.402510, 75.869171, -185.260742, 85.470804
1551878185.407719, 75.869171, -185.260742, 85.470804
1551878185.413855, 75.869171, -185.260742, 85.470804
1551878185.420039, 75.869171, -185.260742, 85.470804
1551878185.425704, 75.869171, -185.260742, 85.470804
1551878185.431125, 75.869171, -185.260742, 85.470804
1551878185.436843, 75.869171, -185.260742, 85.470804
1551878185.442697, 75.869171, -185.260742, 85.470804
1551878185.448360, 75.869171, -185.260742, 85.470804
1551878185.456544, 75.869171, -185.260742, 85.470804
1551878185.462414, 75.869171, -185.260742, 85.470804
1551878185.467844, 75.869171, -185.260742, 85.470804
1551878185.473588, 75.869171, -185.260742, 85.470804
1551878185.479184, 75.869171, -185.260742, 85.470804
1551878185.484319, 75.869171, -185.260742, 85.470804
1551878185.489553, 75.869171, -185.260742, 85.470804
1551878185.494964, 75.869171, -185.260742, 85.470804
1551878185.500097, 75.869171, -185.260742, 85.470804
1551878185.505364, 75.869171, -185.260742, 85.470804
1551878185.510647, 75.869171, -185.260742, 85.470804
1551878185.516417, 75.869171, -185.260742, 85.470804
1551878185.522154, 75.869171, -185.260742, 85.470804
1551878185.527908, 75.869171, -185.260742, 85.470804
1551878185.533417, 75.869171, -185.260742, 85.470804
1551878185.539362, 75.869171, -185.260742, 85.470804
1551878185.544611, 75.869171, -185.260742, 85.470804
1551878185.549824, 75.869171, -185.260742, 85.470804
1551878185.556761, 75.869171, -185.260742, 85.470804
1551878185.564502, 75.869171, -185.260742, 85.470804
1551878185.570261, 75.869171, -185.260742, 85.470804
1551878185.576001, 75.869171, -185.260742, 85.470804
1551878185.581294, 75.869171, -185.260742, 85.470804
1551878185.587023, 75.869171, -185.260742, 85.470804
1551878185.592361, 75.869171, -185.260742, 85.470804
1551878185.598103, 75.869171, -185.260742, 85.470804
1551878185.604010, 75.869171, -185.260742, 85.470804
1551878185.610323, 75.869171, -185.260742, 85.470804
1551878185.615615, 75.869171, -185.260742, 85.470804
1551878185.622788, 75.869171, -185.260742, 85.470804
1551878185.628359, 75.869171, -185.260742, 85.470804
1551878185.634024, 75.869171, -185.260742, 85.470804
1551878185.639748, 75.869171, -185.260742, 85.470804
1551878185.645049, 75.869171, -185.260742, 85.470804
1551878185.650529, 75.869171, -185.260742, 85.470804
1551878185.656212, 75.869171, -185.260742, 85.470804
1551878185.661594, 75.869171, -185.260742, 85.470804
1551878185.667139, 75.869171, -185.260742, 85.470804
1551878185.673607, 75.869171, -185.260742, 85.470804
1551878185.678722, 75.869171, -185.260742, 85.470804
1551878185.684386, 75.869171, -185.260742, 85.470804
1551878185.690103, 75.869171, -185.260742, 85.470804
1551878185.695320, 75.869171, -185.260742, 85.470804
1551878185.700747, 75.869171, -185.260742, 85.470804
1551878185.706028, 75.869171, -185.260742, 85.470804
1551878185.711498, 75.869171, -185.260742, 85.470804
1551878185.717548, 75.869171, -185.260742, 85.470804
1551878185.722903, 75.869171, -185.260742, 85.470804
1551878185.728150, 75.869171, -185.260742, 85.470804
1551878185.734291, 75.869171, -185.260742, 85.470804
1551878185.739533, 75.869171, -185.260742, 85.470804
1551878185.744913, 75.869171, -185.260742, 85.470804
1551878185.750733, 75.869171, -185.260742, 85.470804
1551878185.755979, 75.869171, -185.260742, 85.470804
1551878185.761750, 75.869171, -185.260742, 85.470804
1551878185.767934, 75.869171, -185.260742, 85.470804
1551878185.773344, 75.869171, -185.260742, 85.470804
1551878185.778602, 75.869171, -185.260742, 85.470804
1551878185.783917, 75.869171, -185.260742, 85.470804
1551878185.789404, 75.869171, -185.260742, 85.470804
1551878185.795191, 75.869171, -185.260742, 85.470804
1551878185.801146, 75.869171, -185.260742, 85.470804
1551878185.806683, 75.869171, -185.260742, 85.470804
1551878185.812108, 75.869171, -185.260742, 85.470804
1551878185.817766, 75.869171, -185.260742, 85.470804
1551878185.823226, 75.869171, -185.260742, 85.470804
1551878185.829042, 75.869171, -185.260742, 85.470804
1551878185.835423, 75.869171, -185.260742, 85.470804
1551878185.841258, 75.869171, -185.260742, 85.470804
1551878185.853098, 75.869171, -185.260742, 85.470804
1551878185.859158, 75.869171, -185.260742, 85.470804
1551878185.864753, 75.869171, -185.260742, 85.470804
1551878185.870798, 75.869171, -185.260742, 85.470804
1551878185.876507, 75.869171, -185.260742, 85.470804
1551878185.882376, 75.869171, -185.260742, 85.470804
1551878185.887905, 75.869171, -185.260742, 85.470804
1551878185.893071, 75.869171, -185.260742, 85.470804
1551878185.898828, 75.869171, -185.260742, 85.470804
1551878185.904258, 75.869171, -185.260742, 85.470804
1551878185.909982, 75.869171, -185.260742, 85.470804
1551878185.915149, 75.869171, -185.260742, 85.470804
1551878185.920388, 75.869171, -185.260742, 85.470804
1551878185.925731, 75.869171, -185.260742, 85.470804
1551878185.931070, 75.869171, -185.260742, 85.470804
1551878185.936284, 75.869171, -185.260742, 85.470804
1551878185.942039, 75.869171, -185.260742, 85.470804
1551878185.947233, 75.869171, -185.260742, 85.470804
1551878185.952494, 75.869171, -185.260742, 85.470804
1551878185.958260, 75.869171, -185.260742, 85.470804
1551878185.963951, 65.825150, 0.000000, 88.953449
1551878185.969206, 65.825150, 0.000000, 88.953449
1551878185.974549, 65.825150, 0.000000, 88.953449
1551878185.980060, 65.148285, -38.495003, 88.910560
1551878185.985922, 65.148285, -38.495003, 88.910560
1551878185.991208, 65.148285, -38.495003, 88.910560
1551878185.996918, 66.999214, 28.503141, 89.059140
1551878186.002211, 66.999214, 28.503141, 89.059140
1551878186.007631, 66.999214, 28.503141, 89.059140
1551878186.012939, 76.944489, 280.282898, 89.186919
1551878186.018333, 76.944489, 280.282898, 89.186919
1551878186.024240, 76.944489, 280.282898, 89.186919
1551878186.030164, 89.035324, 472.300293, 89.477372
1551878186.036039, 89.035324, 472.300293, 89.477372
1551878186.043511, 89.035324, 472.300293, 89.477372
1551878186.048883, 101.633667, 590.507751, 89.957933
1551878186.055178, 101.633667, 590.507751, 89.957933
1551878186.061082, 101.633667, 590.507751, 89.957933
1551878186.066685, 101.633667, 590.507751, 89.957933
1551878186.072446, 114.134628, 650.330444, 90.214219
1551878186.078276, 114.134628, 650.330444, 90.214219
1551878186.083705, 114.134628, 650.330444, 90.214219
1551878186.088996, 123.851135, 604.028076, 90.405941
1551878186.094840, 123.851135, 604.028076, 90.405941
1551878186.100666, 136.421860, 664.659058, 90.484535
1551878186.105926, 136.421860, 664.659058, 90.484535
1551878186.111794, 136.421860, 664.659058, 90.484535
1551878186.117149, 136.421860, 664.659058, 90.484535
1551878186.122512, 146.416550, 623.761475, 90.513105
1551878186.128011, 146.416550, 623.761475, 90.513105
1551878186.133556, 158.386108, 655.043091, 90.450730
1551878186.139232, 158.386108, 655.043091, 90.450730
1551878186.144651, 158.386108, 655.043091, 90.450730
1551878186.150167, 158.386108, 655.043091, 90.450730
1551878186.155540, 168.522949, 621.839722, 90.395449
1551878186.160810, 168.522949, 621.839722, 90.395449
1551878186.166697, 168.522949, 621.839722, 90.395449
1551878186.172056, 176.359482, 543.625977, 90.297274
1551878186.177746, 176.359482, 543.625977, 90.297274
1551878186.183166, 176.359482, 543.625977, 90.297274
1551878186.189042, 178.492828, 349.678223, 90.121788
1551878186.194774, 178.492828, 349.678223, 90.121788
1551878186.200660, 178.492828, 349.678223, 90.121788
1551878186.206532, 182.468323, 293.880127, 89.873993
1551878186.211816, 182.468323, 293.880127, 89.873993
1551878186.218393, 182.468323, 293.880127, 89.873993
1551878186.224097, 185.251236, 231.334122, 89.519091
1551878186.229391, 185.251236, 231.334122, 89.519091
1551878186.234767, 185.251236, 231.334122, 89.519091
1551878186.240078, 186.086655, 147.506119, 89.276160
1551878186.245504, 186.086655, 147.506119, 89.276160
1551878186.251515, 186.086655, 147.506119, 89.276160
1551878186.257283, 186.017365, 77.757629, 88.889062
1551878186.263137, 186.017365, 77.757629, 88.889062
1551878186.268652, 186.017365, 77.757629, 88.889062
1551878186.273975, 183.065186, -36.639454, 88.542634
1551878186.279372, 183.065186, -36.639454, 88.542634
1551878186.286295, 183.065186, -36.639454, 88.542634
1551878186.292054, 177.168396, -176.594543, 88.229146
1551878186.297412, 177.168396, -176.594543, 88.229146
1551878186.302767, 177.168396, -176.594543, 88.229146
1551878186.308210, 166.444168, -380.672272, 88.026627
1551878186.313650, 166.444168, -380.672272, 88.026627
1551878186.320582, 166.444168, -380.672272, 88.026627
1551878186.325844, 155.312958, -500.286011, 87.846094
1551878186.331251, 155.312958, -500.286011, 87.846094
1551878186.336978, 155.312958, -500.286011, 87.846094
1551878186.342544, 155.312958, -500.286011, 87.846094
1551878186.347841, 155.312958, -500.286011, 87.846094
1551878186.353119, 155.312958, -500.286011, 87.846094
1551878186.358597, 155.312958, -500.286011, 87.846094
1551878186.364035, 155.312958, -500.286011, 87.846094
1551878186.369360, 155.312958, -500.286011, 87.846094
1551878186.375112, 155.312958, -500.286011, 87.846094
1551878186.381008, 108.070847, -844.318176, 87.545922
1551878186.386411, 108.070847, -844.318176, 87.545922
1551878186.392513, 108.070847, -844.318176, 87.545922
1551878186.397899, 100.654114, -652.442078, 87.462641
1551878186.403228, 100.654114, -652.442078, 87.462641
1551878186.409328, 100.654114, -652.442078, 87.462641
1551878186.414702, 97.201187, -443.527374, 87.226161
1551878186.420626, 97.201187, -443.527374, 87.226161
1551878186.427661, 97.201187, -443.527374, 87.226161
1551878186.433455, 97.201187, -443.527374, 87.226161
1551878186.439742, 97.412079, -233.061188, 87.134498
1551878186.445428, 97.412079, -233.061188, 87.134498
1551878186.451476, 97.412079, -233.061188, 87.134498
1551878186.457544, 100.878967, -31.387981, 87.099532
1551878186.464364, 100.878967, -31.387981, 87.099532
1551878186.469726, 107.683075, 165.649338, 87.057023
1551878186.476756, 107.683075, 165.649338, 87.057023
1551878186.482160, 107.683075, 165.649338, 87.057023
1551878186.487686, 115.098206, 265.956543, 87.005200
1551878186.496410, 115.098206, 265.956543, 87.005200
1551878186.502009, 121.765953, 348.976807, 86.962272
1551878186.507268, 121.765953, 348.976807, 86.962272
1551878186.512923, 121.765953, 348.976807, 86.962272
1551878186.518838, 129.937042, 404.915314, 86.926129
1551878186.524948, 129.937042, 404.915314, 86.926129
1551878186.530521, 129.937042, 404.915314, 86.926129
1551878186.536393, 137.698517, 424.860626, 86.875626
1551878186.541715, 137.698517, 424.860626, 86.875626
1551878186.547571, 137.698517, 424.860626, 86.875626
1551878186.553696, 145.277679, 430.638336, 86.845586
1551878186.560371, 145.277679, 430.638336, 86.845586
1551878186.566275, 145.277679, 430.638336, 86.845586
1551878186.571807, 153.027802, 410.849823, 86.859712
1551878186.579115, 153.027802, 410.849823, 86.859712
1551878186.585050, 153.027802, 410.849823, 86.859712
1551878186.590602, 156.393265, 324.546051, 86.837577
1551878186.597020, 156.393265, 324.546051, 86.837577
1551878186.602674, 164.839142, 409.607483, 86.806394
1551878186.608092, 164.839142, 409.607483, 86.806394
1551878186.615162, 164.839142, 409.607483, 86.806394
1551878186.624070, 164.839142, 409.607483, 86.806394
1551878186.629946, 172.066101, 413.025208, 86.731033
1551878186.635302, 172.066101, 413.025208, 86.731033
1551878186.640728, 177.975540, 379.325226, 86.665654
1551878186.646039, 177.975540, 379.325226, 86.665654
1551878186.651495, 177.975540, 379.325226, 86.665654
1551878186.657172, 184.036407, 358.134308, 86.641246
1551878186.662607, 184.036407, 358.134308, 86.641246
1551878186.668144, 184.036407, 358.134308, 86.641246
1551878186.674609, 184.036407, 358.134308, 86.641246
1551878186.679937, 187.488586, 290.597565, 86.523973
1551878186.685334, 187.488586, 290.597565, 86.523973
1551878186.690697, 187.488586, 290.597565, 86.523973
1551878186.695995, 189.371506, 206.393387, 86.426113
1551878186.701921, 189.371506, 206.393387, 86.426113
1551878186.707240, 191.131226, 157.896957, 86.364505
1551878186.712562, 191.131226, 157.896957, 86.364505
1551878186.717866, 191.131226, 157.896957, 86.364505
1551878186.723133, 191.131226, 157.896957, 86.364505
1551878186.729042, 191.797699, 101.820038, 86.254907
1551878186.734981, 191.797699, 101.820038, 86.254907
1551878186.740649, 191.797699, 101.820038, 86.254907
1551878186.746339, 191.924789, 59.055843, 86.132236
1551878186.751620, 191.924789, 59.055843, 86.132236
1551878186.756966, 191.608627, 23.374670, 85.934063
1551878186.762422, 191.608627, 23.374670, 85.934063
1551878186.773284, 191.608627, 23.374670, 85.934063
1551878186.779126, 188.432999, -71.904343, 85.816957
1551878186.784777, 188.432999, -71.904343, 85.816957
1551878186.790282, 188.432999, -71.904343, 85.816957
1551878186.795920, 179.516617, -274.892792, 85.684027
1551878186.801772, 179.516617, -274.892792, 85.684027
1551878186.807138, 179.516617, -274.892792, 85.684027
1551878186.812878, 167.686127, -464.909302, 85.621438
1551878186.818957, 167.686127, -464.909302, 85.621438
1551878186.824698, 167.686127, -464.909302, 85.621438
1551878186.830244, 153.871384, -617.971191, 85.560308
1551878186.836019, 153.871384, -617.971191, 85.560308
1551878186.841413, 153.871384, -617.971191, 85.560308
1551878186.846705, 139.895645, -705.223389, 85.455710
1551878186.852110, 139.895645, -705.223389, 85.455710
1551878186.857602, 139.895645, -705.223389, 85.455710
1551878186.863226, 124.449333, -790.572021, 85.297578
1551878186.868645, 124.449333, -790.572021, 85.297578
1551878186.874592, 124.449333, -790.572021, 85.297578
1551878186.879865, 110.661179, -792.964111, 85.173477
1551878186.885194, 110.661179, -792.964111, 85.173477
1551878186.891105, 110.661179, -792.964111, 85.173477
1551878186.896470, 110.661179, -792.964111, 85.173477
1551878186.902246, 98.091888, -760.755493, 85.082124
1551878186.907739, 98.091888, -760.755493, 85.082124
1551878186.913324, 95.318703, -483.255188, 84.986749
1551878186.918767, 95.318703, -483.255188, 84.986749
1551878186.924681, 95.318703, -483.255188, 84.986749
1551878186.929956, 95.318703, -483.255188, 84.986749
1551878186.935484, 95.706734, -250.295380, 84.962206
1551878186.940865, 95.706734, -250.295380, 84.962206
1551878186.946260, 95.706734, -250.295380, 84.962206
1551878186.952122, 98.860100, -50.910412, 84.930615
1551878186.958022, 98.860100, -50.910412, 84.930615
1551878186.963557, 98.860100, -50.910412, 84.930615
1551878186.969076, 104.296280, 117.198471, 84.887683
1551878186.974751, 104.296280, 117.198471, 84.887683
1551878186.980163, 104.296280, 117.198471, 84.887683
1551878186.985464, 112.079002, 269.980499, 84.818351
1551878186.990828, 112.079002, 269.980499, 84.818351
1551878186.996825, 112.079002, 269.980499, 84.818351
1551878187.002882, 112.079002, 269.980499, 84.818351
1551878187.008793, 118.791039, 324.137512, 84.725862
1551878187.014891, 118.791039, 324.137512, 84.725862
1551878187.020585, 125.032700, 340.498993, 84.580814
1551878187.035936, 125.032700, 340.498993, 84.580814
1551878187.041448, 125.032700, 340.498993, 84.580814
1551878187.047514, 132.898987, 322.786163, 84.491470
1551878187.053535, 132.898987, 322.786163, 84.491470
1551878187.059541, 137.522415, 369.277069, 84.453634
1551878187.069660, 137.522415, 369.277069, 84.453634
1551878187.076285, 137.522415, 369.277069, 84.453634
1551878187.082307, 148.428787, 426.194061, 84.357226
1551878187.090437, 148.428787, 426.194061, 84.357226
1551878187.095735, 152.735962, 411.220886, 84.317287
1551878187.102389, 152.735962, 411.220886, 84.317287
1551878187.109763, 152.735962, 411.220886, 84.317287
1551878187.125046, 158.867050, 384.068024, 84.248896
1551878187.130492, 162.009781, 291.058746, 84.187196
1551878187.136963, 162.009781, 291.058746, 84.187196
1551878187.142542, 162.009781, 291.058746, 84.187196
1551878187.147849, 163.313644, 191.482147, 84.159131
1551878187.153298, 163.313644, 191.482147, 84.159131
1551878187.159095, 164.046219, 122.646011, 84.129236
1551878187.165085, 164.046219, 122.646011, 84.129236
1551878187.171087, 164.046219, 122.646011, 84.129236
1551878187.177012, 163.158035, 42.385101, 84.094543
1551878187.182329, 163.158035, 42.385101, 84.094543
1551878187.188226, 163.158035, 42.385101, 84.094543
1551878187.194158, 159.370972, -77.893387, 84.065352
1551878187.199463, 159.370972, -77.893387, 84.065352
1551878187.212000, 159.370972, -77.893387, 84.065352
1551878187.218023, 150.894882, -267.445862, 84.014470
1551878187.224134, 150.894882, -267.445862, 84.014470
1551878187.229399, 140.178452, -427.564117, 83.980726
1551878187.234958, 140.178452, -427.564117, 83.980726
1551878187.240403, 140.178452, -427.564117, 83.980726
1551878187.245692, 127.690491, -564.985901, 83.963776
1551878187.252029, 127.690491, -564.985901, 83.963776
1551878187.257496, 127.690491, -564.985901, 83.963776
1551878187.263068, 114.788513, -647.073792, 83.953909
1551878187.268760, 114.788513, -647.073792, 83.953909
1551878187.274243, 114.788513, -647.073792, 83.953909
1551878187.280312, 102.814072, -667.169556, 83.901284
1551878187.285835, 102.814072, -667.169556, 83.901284
1551878187.291243, 102.814072, -667.169556, 83.901284
1551878187.297160, 93.023041, -619.935059, 83.746465
1551878187.303137, 93.023041, -619.935059, 83.746465
1551878187.308522, 93.023041, -619.935059, 83.746465
1551878187.313788, 87.897652, -469.923767, 83.616694
1551878187.319461, 87.897652, -469.923767, 83.616694
1551878187.326553, 87.897652, -469.923767, 83.616694
1551878187.331969, 86.987610, -277.498383, 83.636052
1551878187.337439, 86.987610, -277.498383, 83.636052
1551878187.342821, 86.987610, -277.498383, 83.636052
1551878187.348403, 86.987610, -277.498383, 83.636052
1551878187.354270, 87.757027, -129.100754, 83.653733
1551878187.361071, 87.757027, -129.100754, 83.653733
1551878187.366479, 91.428772, 28.104870, 83.665953
1551878187.371985, 91.428772, 28.104870, 83.665953
1551878187.377620, 91.428772, 28.104870, 83.665953
1551878187.382935, 91.428772, 28.104870, 83.665953
1551878187.388208, 98.402855, 197.754944, 83.668598
1551878187.397981, 98.402855, 197.754944, 83.668598
1551878187.403422, 98.402855, 197.754944, 83.668598
1551878187.409156, 105.348465, 296.674194, 83.661714
1551878187.414675, 105.348465, 296.674194, 83.661714
1551878187.420232, 113.176048, 368.589600, 83.653071
1551878187.425752, 113.176048, 368.589600, 83.653071
1551878187.431157, 113.176048, 368.589600, 83.653071
1551878187.436460, 118.392593, 337.350006, 83.646690
1551878187.441843, 118.392593, 337.350006, 83.646690
1551878187.450770, 118.392593, 337.350006, 83.646690
1551878187.456366, 118.392593, 337.350006, 83.646690
1551878187.461681, 123.172478, 288.724792, 83.633324
1551878187.467286, 123.172478, 288.724792, 83.633324
1551878187.472842, 128.738358, 322.796021, 83.598901
1551878187.478165, 128.738358, 322.796021, 83.598901
1551878187.483505, 128.738358, 322.796021, 83.598901
1551878187.490699, 128.738358, 322.796021, 83.598901
1551878187.496755, 135.301270, 348.058655, 83.554200
1551878187.502346, 135.301270, 348.058655, 83.554200
1551878187.508153, 139.520294, 300.476562, 83.455694
1551878187.513814, 139.520294, 300.476562, 83.455694
1551878187.519144, 139.520294, 300.476562, 83.455694
1551878187.524457, 141.779236, 222.094406, 83.402204
1551878187.529738, 141.779236, 222.094406, 83.402204
1551878187.535263, 141.779236, 222.094406, 83.402204
1551878187.540739, 142.539062, 136.124863, 83.349505
1551878187.546247, 142.539062, 136.124863, 83.349505
1551878187.552448, 142.539062, 136.124863, 83.349505
1551878187.557968, 142.888687, 85.061546, 83.317723
1551878187.564205, 142.888687, 85.061546, 83.317723
1551878187.569886, 142.888687, 85.061546, 83.317723
1551878187.575771, 142.920364, 46.656151, 83.281902
1551878187.581936, 142.920364, 46.656151, 83.281902
1551878187.587219, 142.920364, 46.656151, 83.281902
1551878187.593100, 142.390656, 10.968180, 83.246574
1551878187.598574, 142.390656, 10.968180, 83.246574
1551878187.604015, 142.390656, 10.968180, 83.246574
1551878187.609444, 139.350143, -75.029579, 83.234759
1551878187.614886, 139.350143, -75.029579, 83.234759
1551878187.623862, 139.350143, -75.029579, 83.234759
1551878187.629410, 139.350143, -75.029579, 83.234759
1551878187.635635, 131.155655, -234.000000, 83.269176
1551878187.641263, 131.155655, -234.000000, 83.269176
1551878187.646760, 123.820137, -363.601959, 83.291870
1551878187.652709, 123.820137, -363.601959, 83.291870
1551878187.658286, 123.820137, -363.601959, 83.291870
1551878187.663609, 112.179741, -501.377838, 83.303807
1551878187.669049, 112.179741, -501.377838, 83.303807
1551878187.675870, 112.179741, -501.377838, 83.303807
1551878187.681190, 112.179741, -501.377838, 83.303807
1551878187.687518, 99.866051, -572.841736, 83.363666
1551878187.693223, 99.866051, -572.841736, 83.363666
1551878187.698887, 99.866051, -572.841736, 83.363666
1551878187.704476, 89.466148, -614.839722, 83.437674
1551878187.715129, 89.466148, -614.839722, 83.437674
1551878187.721931, 89.466148, -614.839722, 83.437674
1551878187.728168, 76.663528, -539.277405, 83.540448
1551878187.737176, 76.663528, -539.277405, 83.540448
1551878187.743119, 72.207962, -495.034576, 83.607528
1551878187.748624, 69.350204, -374.747009, 83.745098
1551878187.754000, 69.350204, -374.747009, 83.745098
1551878187.759429, 69.350204, -374.747009, 83.745098
1551878187.765320, 68.969398, -211.971146, 83.893266
1551878187.770998, 68.969398, -211.971146, 83.893266
1551878187.777530, 68.969398, -211.971146, 83.893266
1551878187.783428, 69.865967, -90.288223, 84.003605
1551878187.788764, 69.865967, -90.288223, 84.003605
1551878187.794173, 69.865967, -90.288223, 84.003605
1551878187.800060, 69.865967, -90.288223, 84.003605
1551878187.805518, 73.164948, 39.107220, 84.085292
1551878187.814535, 73.164948, 39.107220, 84.085292
1551878187.820282, 73.164948, 39.107220, 84.085292
1551878187.826268, 78.644531, 166.694046, 84.191768
1551878187.831683, 78.644531, 166.694046, 84.191768
1551878187.837231, 85.237206, 265.218475, 84.269571
1551878187.842802, 85.237206, 265.218475, 84.269571
1551878187.848186, 85.237206, 265.218475, 84.269571
1551878187.853956, 92.294525, 329.657074, 84.331109
1551878187.859857, 92.294525, 329.657074, 84.331109
1551878187.865767, 92.294525, 329.657074, 84.331109
1551878187.871537, 99.479469, 370.400208, 84.367053
1551878187.877102, 99.479469, 370.400208, 84.367053
1551878187.883290, 99.479469, 370.400208, 84.367053
1551878187.889140, 106.982979, 399.240997, 84.385798
1551878187.895053, 106.982979, 399.240997, 84.385798
1551878187.900610, 106.982979, 399.240997, 84.385798
1551878187.906444, 106.982979, 399.240997, 84.385798
1551878187.912120, 115.066399, 414.763672, 84.390707
1551878187.917805, 115.066399, 414.763672, 84.390707
1551878187.923331, 115.066399, 414.763672, 84.390707
1551878187.928639, 121.651451, 414.060089, 84.385249
1551878187.934808, 121.651451, 414.060089, 84.385249
1551878187.940530, 121.651451, 414.060089, 84.385249
1551878187.946421, 128.634735, 405.288300, 84.366056
1551878187.952362, 128.634735, 405.288300, 84.366056
1551878187.958247, 133.164917, 341.716431, 84.336281
1551878187.963516, 133.164917, 341.716431, 84.336281
1551878187.969130, 133.164917, 341.716431, 84.336281
1551878187.976921, 137.901962, 308.004974, 84.274387
1551878187.982860, 137.901962, 308.004974, 84.274387
1551878187.988159, 137.901962, 308.004974, 84.274387
1551878187.994051, 141.504578, 263.453094, 84.192765
1551878187.999598, 141.504578, 263.453094, 84.192765
1551878188.005171, 141.504578, 263.453094, 84.192765
1551878188.010473, 143.488052, 193.903030, 84.081436
1551878188.015928, 143.488052, 193.903030, 84.081436
1551878188.021229, 143.488052, 193.903030, 84.081436
1551878188.027124, 145.081253, 147.447021, 84.035863
1551878188.032732, 145.081253, 147.447021, 84.035863
1551878188.038665, 145.081253, 147.447021, 84.035863
1551878188.044800, 145.745926, 97.113083, 83.958274
1551878188.050237, 145.745926, 97.113083, 83.958274
1551878188.056211, 145.745926, 97.113083, 83.958274
1551878188.069947, 145.637375, 49.408291, 83.932987
1551878188.075378, 145.637375, 49.408291, 83.932987
1551878188.081292, 143.140854, -39.748283, 83.904366
1551878188.086898, 143.140854, -39.748283, 83.904366
1551878188.093253, 143.140854, -39.748283, 83.904366
1551878188.098517, 138.196259, -153.828339, 83.893022
1551878188.103825, 138.196259, -153.828339, 83.893022
1551878188.109345, 138.196259, -153.828339, 83.893022
1551878188.116979, 129.569489, -311.603577, 83.871431
1551878188.125146, 129.569489, -311.603577, 83.871431
1551878188.131055, 120.776436, -401.100800, 83.857330
1551878188.136884, 120.776436, -401.100800, 83.857330
1551878188.142951, 120.776436, -401.100800, 83.857330
1551878188.148922, 112.258438, -444.970184, 83.868470
1551878188.154322, 112.258438, -444.970184, 83.868470
1551878188.160123, 112.258438, -444.970184, 83.868470
1551878188.165847, 103.452263, -473.826294, 83.895964
1551878188.171175, 103.452263, -473.826294, 83.895964
1551878188.176570, 103.452263, -473.826294, 83.895964
1551878188.182614, 96.734383, -430.105072, 83.912210
1551878188.188066, 96.734383, -430.105072, 83.912210
1551878188.194015, 96.734383, -430.105072, 83.912210
1551878188.199922, 93.748428, -314.228424, 83.937808
1551878188.209420, 93.748428, -314.228424, 83.937808
1551878188.215299, 92.990089, -184.888168, 83.957055
1551878188.221176, 92.990089, -184.888168, 83.957055
1551878188.226837, 92.990089, -184.888168, 83.957055
1551878188.232723, 92.990089, -184.888168, 83.957055
1551878188.238622, 93.109367, -98.949898, 83.961428
1551878188.244585, 93.109367, -98.949898, 83.961428
1551878188.250512, 94.617477, -13.254028, 83.956403
1551878188.256407, 94.617477, -13.254028, 83.956403
1551878188.262300, 94.617477, -13.254028, 83.956403
1551878188.268175, 98.832451, 104.951996, 83.956197
1551878188.273934, 98.832451, 104.951996, 83.956197
1551878188.279773, 98.832451, 104.951996, 83.956197
1551878188.285063, 105.475060, 232.987381, 83.948331
1551878188.290647, 105.475060, 232.987381, 83.948331
1551878188.296700, 105.475060, 232.987381, 83.948331
1551878188.302172, 105.475060, 232.987381, 83.948331
1551878188.308824, 105.475060, 232.987381, 83.948331
1551878188.314841, 110.879654, 269.311798, 83.921117
1551878188.320385, 110.879654, 269.311798, 83.921117
1551878188.326083, 110.879654, 269.311798, 83.921117
1551878188.331840, 118.452911, 333.712341, 83.869898
1551878188.337688, 125.745956, 389.191406, 83.823229
1551878188.343359, 125.745956, 389.191406, 83.823229
1551878188.348758, 125.745956, 389.191406, 83.823229
1551878188.354108, 125.745956, 389.191406, 83.823229
1551878188.359485, 132.291260, 381.045013, 83.758124
1551878188.365391, 132.291260, 381.045013, 83.758124
1551878188.371240, 138.356033, 369.289459, 83.690204
1551878188.376670, 138.356033, 369.289459, 83.690204
1551878188.382021, 138.356033, 369.289459, 83.690204
1551878188.387599, 138.356033, 369.289459, 83.690204
1551878188.392935, 146.041672, 403.072815, 83.616190
1551878188.398837, 146.041672, 403.072815, 83.616190
1551878188.405615, 146.041672, 403.072815, 83.616190
1551878188.411494, 152.863846, 399.171387, 83.558662
1551878188.420894, 152.863846, 399.171387, 83.558662
1551878188.426765, 157.483643, 337.337372, 83.478299
1551878188.432226, 157.483643, 337.337372, 83.478299
1551878188.438201, 157.483643, 337.337372, 83.478299
1551878188.443662, 157.483643, 337.337372, 83.478299
1551878188.449029, 161.267044, 281.131073, 83.407126
1551878188.454431, 161.267044, 281.131073, 83.407126
1551878188.459772, 162.585876, 187.560867, 83.331257
1551878188.465220, 162.585876, 187.560867, 83.331257
1551878188.472217, 162.585876, 187.560867, 83.331257
1551878188.477505, 162.585876, 187.560867, 83.331257
1551878188.482945, 165.704010, 178.077255, 83.253026
1551878188.488346, 165.704010, 178.077255, 83.253026
1551878188.493941, 167.977310, 161.842392, 83.144358
1551878188.499452, 167.977310, 161.842392, 83.144358
1551878188.505133, 167.977310, 161.842392, 83.144358
1551878188.510672, 167.977310, 161.842392, 83.144358
1551878188.520000, 168.203629, 90.524139, 83.066209
1551878188.526257, 168.203629, 90.524139, 83.066209
1551878188.533094, 168.598007, 60.526981, 82.996911
1551878188.539621, 168.598007, 60.526981, 82.996911
1551878188.545728, 168.603790, 32.373447, 82.977499
1551878188.551260, 168.603790, 32.373447, 82.977499
1551878188.556926, 168.603790, 32.373447, 82.977499
1551878188.566316, 167.241287, -18.808964, 82.925331
1551878188.571702, 167.241287, -18.808964, 82.925331
1551878188.577456, 167.241287, -18.808964, 82.925331
1551878188.582744, 162.052979, -149.991058, 82.862345
1551878188.588268, 162.052979, -149.991058, 82.862345
1551878188.594000, 162.052979, -149.991058, 82.862345
1551878188.600342, 153.051804, -319.927765, 82.782202
1551878188.609764, 153.051804, -319.927765, 82.782202
1551878188.615439, 153.051804, -319.927765, 82.782202
1551878188.623883, 141.548477, -444.210388, 82.705402
1551878188.629981, 141.548477, -444.210388, 82.705402
1551878188.635836, 132.012024, -536.278381, 82.630320
1551878188.641472, 132.012024, -536.278381, 82.630320
1551878188.648726, 118.991844, -635.543091, 82.555933
1551878188.654731, 118.991844, -635.543091, 82.555933
1551878188.660662, 118.991844, -635.543091, 82.555933
1551878188.666175, 105.707481, -695.979919, 82.571800
1551878188.671973, 105.707481, -695.979919, 82.571800
1551878188.677845, 105.707481, -695.979919, 82.571800
1551878188.683352, 92.349388, -730.402344, 82.577385
1551878188.689012, 92.349388, -730.402344, 82.577385
1551878188.696249, 92.349388, -730.402344, 82.577385
1551878188.702278, 92.349388, -730.402344, 82.577385
1551878188.708182, 80.413795, -710.021667, 82.594297
1551878188.713464, 80.413795, -710.021667, 82.594297
1551878188.719236, 80.413795, -710.021667, 82.594297
1551878188.725829, 72.469582, -594.306763, 82.631818
1551878188.731151, 72.469582, -594.306763, 82.631818
1551878188.736433, 72.469582, -594.306763, 82.631818
1551878188.741881, 70.511574, -372.470154, 82.664807
1551878188.748675, 70.511574, -372.470154, 82.664807
1551878188.754176, 70.729271, -194.678970, 82.682645
1551878188.759638, 70.729271, -194.678970, 82.682645
1551878188.765426, 70.729271, -194.678970, 82.682645
1551878188.771560, 70.729271, -194.678970, 82.682645
1551878188.777140, 70.729271, -194.678970, 82.682645
1551878188.782822, 74.397476, -0.953695, 82.721630
1551878188.788360, 74.397476, -0.953695, 82.721630
1551878188.797591, 81.089584, 186.819061, 82.735377
1551878188.803638, 81.089584, 186.819061, 82.735377
1551878188.809245, 81.089584, 186.819061, 82.735377
1551878188.814772, 90.819252, 356.441132, 82.734525
1551878188.820340, 90.819252, 356.441132, 82.734525
1551878188.825769, 100.120529, 443.316498, 82.721168
1551878188.831025, 100.120529, 443.316498, 82.721168
1551878188.836429, 100.120529, 443.316498, 82.721168
1551878188.841816, 100.120529, 443.316498, 82.721168
1551878188.847247, 110.739853, 517.120728, 82.687698
1551878188.854162, 110.739853, 517.120728, 82.687698
1551878188.860687, 110.739853, 517.120728, 82.687698
1551878188.873603, 122.220627, 530.592041, 82.618385
1551878188.879449, 130.514542, 567.370361, 82.598905
1551878188.886126, 130.514542, 567.370361, 82.598905
1551878188.891473, 140.813553, 578.879028, 82.570360
1551878188.897442, 140.813553, 578.879028, 82.570360
1551878188.906199, 140.813553, 578.879028, 82.570360
1551878188.912411, 150.175903, 561.366943, 82.537159
1551878188.917754, 150.175903, 561.366943, 82.537159
1551878188.923725, 150.175903, 561.366943, 82.537159
1551878188.929793, 155.709091, 449.047089, 82.472633
1551878188.935678, 155.709091, 449.047089, 82.472633
1551878188.941030, 155.709091, 449.047089, 82.472633
1551878188.947144, 165.471222, 502.148651, 82.377126
1551878188.952971, 165.471222, 502.148651, 82.377126
1551878188.958664, 165.471222, 502.148651, 82.377126
1551878188.964504, 173.240448, 476.744110, 82.318562
1551878188.970307, 173.240448, 476.744110, 82.318562
1551878188.975802, 173.240448, 476.744110, 82.318562
1551878188.981709, 178.705322, 402.158813, 82.300195
1551878188.987155, 178.705322, 402.158813, 82.300195
1551878188.993045, 178.705322, 402.158813, 82.300195
1551878188.998926, 183.765137, 351.395813, 82.256960
1551878189.004997, 183.765137, 351.395813, 82.256960
1551878189.010316, 183.765137, 351.395813, 82.256960
1551878189.016314, 187.357071, 284.913116, 82.280963
1551878189.021853, 187.357071, 284.913116, 82.280963
1551878189.027809, 187.357071, 284.913116, 82.280963
1551878189.033697, 189.026672, 196.629852, 82.277637
1551878189.039331, 189.026672, 196.629852, 82.277637
1551878189.044774, 189.026672, 196.629852, 82.277637
1551878189.050204, 189.026672, 196.629852, 82.277637
1551878189.055584, 188.974503, 88.900665, 82.224808
1551878189.066477, 188.974503, 88.900665, 82.224808
1551878189.071867, 187.498993, 13.720014, 82.194040
1551878189.077322, 187.498993, 13.720014, 82.194040
1551878189.082859, 187.498993, 13.720014, 82.194040
1551878189.088503, 184.459946, -73.885773, 82.151647
1551878189.094414, 184.459946, -73.885773, 82.151647
1551878189.099900, 183.705734, -59.778275, 82.120757
1551878189.105341, 183.705734, -59.778275, 82.120757
1551878189.111220, 183.705734, -59.778275, 82.120757
1551878189.116897, 182.342224, -68.530556, 82.077147
1551878189.122357, 182.342224, -68.530556, 82.077147
1551878189.127795, 182.342224, -68.530556, 82.077147
1551878189.133408, 182.342224, -68.530556, 82.077147
1551878189.139278, 175.223236, -225.359680, 81.975361
1551878189.144617, 175.223236, -225.359680, 81.975361
1551878189.149884, 175.223236, -225.359680, 81.975361
1551878189.155306, 168.856293, -292.242249, 81.904905
1551878189.160926, 168.856293, -292.242249, 81.904905
1551878189.166326, 168.856293, -292.242249, 81.904905
1551878189.172669, 160.002869, -392.861969, 81.780004
1551878189.178125, 160.002869, -392.861969, 81.780004
1551878189.183464, 160.002869, -392.861969, 81.780004
1551878189.188916, 149.627670, -487.874207, 81.696407
1551878189.194446, 149.627670, -487.874207, 81.696407
1551878189.200376, 149.627670, -487.874207, 81.696407
1551878189.206225, 138.214767, -566.227783, 81.620964
1551878189.211637, 138.214767, -566.227783, 81.620964
1551878189.217523, 138.214767, -566.227783, 81.620964
1551878189.223301, 126.029449, -628.817078, 81.545023
1551878189.228878, 126.029449, -628.817078, 81.545023
1551878189.234193, 126.029449, -628.817078, 81.545023
1551878189.239508, 112.343018, -677.293091, 81.513584
1551878189.244873, 112.343018, -677.293091, 81.513584
1551878189.252900, 112.343018, -677.293091, 81.513584
1551878189.259427, 100.360802, -710.719543, 81.535833
1551878189.265515, 100.360802, -710.719543, 81.535833
1551878189.270934, 100.360802, -710.719543, 81.535833
1551878189.276685, 89.605194, -669.205139, 81.568375
1551878189.282044, 89.605194, -669.205139, 81.568375
1551878189.289711, 89.605194, -669.205139, 81.568375
1551878189.296071, 83.026062, -535.217285, 81.591319
1551878189.302225, 83.026062, -535.217285, 81.591319
1551878189.307649, 83.026062, -535.217285, 81.591319
1551878189.313064, 82.133377, -312.197693, 81.622773
1551878189.320810, 82.133377, -312.197693, 81.622773
1551878189.326685, 82.133377, -312.197693, 81.622773
1551878189.332017, 83.639931, -113.515976, 81.648550
1551878189.338207, 83.639931, -113.515976, 81.648550
1551878189.343512, 83.639931, -113.515976, 81.648550
1551878189.349384, 89.184959, 86.743584, 81.649974
1551878189.355753, 89.184959, 86.743584, 81.649974
1551878189.361322, 98.832176, 303.344971, 81.629786
1551878189.368246, 98.832176, 303.344971, 81.629786
1551878189.376109, 98.832176, 303.344971, 81.629786
1551878189.382056, 108.048355, 408.304047, 81.615830
1551878189.387711, 108.048355, 408.304047, 81.615830
1551878189.393206, 108.048355, 408.304047, 81.615830
1551878189.398454, 116.965271, 457.188416, 81.599862
1551878189.403854, 116.965271, 457.188416, 81.599862
1551878189.409724, 116.965271, 457.188416, 81.599862
1551878189.415960, 125.568054, 475.557831, 81.527152
1551878189.421804, 125.568054, 475.557831, 81.527152
1551878189.428259, 125.568054, 475.557831, 81.527152
1551878189.434162, 134.906937, 504.164520, 81.447407
1551878189.440112, 134.906937, 504.164520, 81.447407
1551878189.446015, 134.906937, 504.164520, 81.447407
1551878189.451612, 144.942963, 537.839844, 81.405552
1551878189.457312, 144.942963, 537.839844, 81.405552
1551878189.464422, 153.154587, 507.655060, 81.367596
1551878189.470379, 153.154587, 507.655060, 81.367596
1551878189.476223, 153.154587, 507.655060, 81.367596
1551878189.481487, 159.903397, 454.223328, 81.242959
1551878189.487861, 159.903397, 454.223328, 81.242959
1551878189.494180, 159.903397, 454.223328, 81.242959
1551878189.499613, 166.462036, 419.049316, 81.137768
1551878189.505015, 166.462036, 419.049316, 81.137768
1551878189.511138, 166.462036, 419.049316, 81.137768
1551878189.516606, 166.462036, 419.049316, 81.137768
1551878189.522495, 172.573318, 388.550079, 81.039607
1551878189.528246, 172.573318, 388.550079, 81.039607
1551878189.533869, 174.506790, 260.866302, 81.064885
1551878189.539567, 174.506790, 260.866302, 81.064885
1551878189.546249, 174.506790, 260.866302, 81.064885
1551878189.551655, 180.374634, 296.409546, 81.032792
1551878189.557554, 180.374634, 296.409546, 81.032792
1551878189.565686, 180.374634, 296.409546, 81.032792
1551878189.571745, 180.374634, 296.409546, 81.032792
1551878189.577655, 185.324829, 252.112000, 81.012993
1551878189.583077, 185.324829, 252.112000, 81.012993
1551878189.588470, 187.837326, 238.272522, 80.990102
1551878189.594507, 187.837326, 238.272522, 80.990102
1551878189.600065, 187.837326, 238.272522, 80.990102
1551878189.605888, 187.622223, 122.633575, 80.958166
1551878189.611749, 187.622223, 122.633575, 80.958166
1551878189.625927, 187.622223, 122.633575, 80.958166
1551878189.631600, 188.388031, 86.478233, 80.948295
1551878189.637569, 188.698792, 54.809494, 80.951480
1551878189.642963, 188.698792, 54.809494, 80.951480
1551878189.648646, 188.698792, 54.809494, 80.951480
1551878189.654120, 188.698792, 54.809494, 80.951480
1551878189.660046, 186.207382, -36.740711, 80.970103
1551878189.667019, 186.207382, -36.740711, 80.970103
1551878189.672685, 186.207382, -36.740711, 80.970103
1551878189.678574, 184.118759, -72.762321, 80.980753
1551878189.684745, 184.118759, -72.762321, 80.980753
1551878189.690465, 180.709579, -134.644028, 80.995117
1551878189.696251, 180.709579, -134.644028, 80.995117
1551878189.701629, 180.709579, -134.644028, 80.995117
1551878189.708042, 180.709579, -134.644028, 80.995117
1551878189.713608, 172.712448, -285.153046, 80.990071
1551878189.719516, 172.712448, -285.153046, 80.990071
1551878189.725787, 164.859619, -355.624908, 80.978129
1551878189.731323, 164.859619, -355.624908, 80.978129
1551878189.741652, 156.523376, -421.951324, 80.967903
1551878189.747213, 156.523376, -421.951324, 80.967903
1551878189.752702, 156.523376, -421.951324, 80.967903
1551878189.758570, 146.408966, -495.936066, 80.915544
1551878189.763953, 146.408966, -495.936066, 80.915544
1551878189.769367, 146.408966, -495.936066, 80.915544
1551878189.775769, 146.408966, -495.936066, 80.915544
1551878189.781444, 135.484421, -557.992859, 80.876406
1551878189.787161, 135.484421, -557.992859, 80.876406
1551878189.792860, 135.484421, -557.992859, 80.876406
1551878189.798231, 123.484871, -619.603088, 80.858333
1551878189.803518, 123.484871, -619.603088, 80.858333
1551878189.810892, 112.037163, -638.155762, 80.844872
1551878189.816495, 112.037163, -638.155762, 80.844872
1551878189.822404, 112.037163, -638.155762, 80.844872
1551878189.828353, 100.003464, -663.575806, 80.849057
1551878189.834227, 100.003464, -663.575806, 80.849057
1551878189.841396, 100.003464, -663.575806, 80.849057
1551878189.846890, 91.241997, -589.804260, 80.830471
1551878189.852804, 91.241997, -589.804260, 80.830471
1551878189.858333, 91.241997, -589.804260, 80.830471
1551878189.863833, 87.568535, -416.472961, 80.813742
1551878189.869830, 87.568535, -416.472961, 80.813742
1551878189.875487, 87.568535, -416.472961, 80.813742
1551878189.880791, 87.322647, -230.727264, 80.769997
1551878189.886169, 87.322647, -230.727264, 80.769997
1551878189.892058, 87.322647, -230.727264, 80.769997
1551878189.897725, 88.333649, -95.881737, 80.698401
1551878189.903305, 88.333649, -95.881737, 80.698401
1551878189.908678, 88.333649, -95.881737, 80.698401
1551878189.914747, 88.333649, -95.881737, 80.698401
1551878189.920800, 92.805199, 67.253395, 80.676183
1551878189.926779, 92.805199, 67.253395, 80.676183
1551878189.932166, 100.244034, 236.890411, 80.672343
1551878189.937807, 100.244034, 236.890411, 80.672343
1551878189.943835, 100.244034, 236.890411, 80.672343
1551878189.949376, 100.244034, 236.890411, 80.672343
1551878189.960342, 108.227951, 340.601166, 80.670585
1551878189.965685, 108.227951, 340.601166, 80.670585
1551878189.971673, 116.274658, 389.926392, 80.665425
1551878189.977646, 116.274658, 389.926392, 80.665425
1551878189.983282, 116.274658, 389.926392, 80.665425
1551878189.988622, 124.522781, 437.263336, 80.658766
1551878189.993920, 124.522781, 437.263336, 80.658766
1551878189.999713, 124.522781, 437.263336, 80.658766
1551878190.005830, 132.808426, 458.261780, 80.641846
1551878190.011265, 132.808426, 458.261780, 80.641846
1551878190.017229, 132.808426, 458.261780, 80.641846
1551878190.022876, 140.563934, 453.563141, 80.618913
1551878190.028947, 140.563934, 453.563141, 80.618913
1551878190.034860, 140.563934, 453.563141, 80.618913
1551878190.041099, 146.695633, 406.660919, 80.610563
1551878190.046321, 146.695633, 406.660919, 80.610563
1551878190.052288, 146.695633, 406.660919, 80.610563
1551878190.059180, 151.131332, 336.539368, 80.675620
1551878190.066497, 151.131332, 336.539368, 80.675620
1551878190.071920, 151.131332, 336.539368, 80.675620
1551878190.077431, 160.162048, 393.169586, 80.797832
1551878190.083245, 160.162048, 393.169586, 80.797832
1551878190.089214, 160.162048, 393.169586, 80.797832
1551878190.094656, 160.162048, 393.169586, 80.797832
1551878190.100617, 164.767471, 347.315948, 80.894920
1551878190.106146, 164.767471, 347.315948, 80.894920
1551878190.112147, 168.503708, 300.285309, 80.954566
1551878190.126246, 168.503708, 300.285309, 80.954566
1551878190.132288, 174.579712, 319.865143, 81.018945
1551878190.138083, 174.579712, 319.865143, 81.018945
1551878190.143957, 180.147888, 323.828552, 81.030749
1551878190.149811, 180.147888, 323.828552, 81.030749
1551878190.158883, 180.147888, 323.828552, 81.030749
1551878190.164977, 185.486954, 316.900421, 81.054028
1551878190.171007, 185.486954, 316.900421, 81.054028
1551878190.176915, 189.843124, 286.622559, 81.063262
1551878190.182388, 189.843124, 286.622559, 81.063262
1551878190.188314, 189.843124, 286.622559, 81.063262
1551878190.193769, 193.864288, 261.000885, 81.058798
1551878190.199637, 193.864288, 261.000885, 81.058798
1551878190.205558, 193.864288, 261.000885, 81.058798
1551878190.211418, 198.203690, 256.133209, 81.049723
1551878190.216974, 198.203690, 256.133209, 81.049723
1551878190.222942, 198.203690, 256.133209, 81.049723
1551878190.228870, 201.399948, 222.687988, 81.046032
1551878190.234534, 201.399948, 222.687988, 81.046032
1551878190.240407, 201.399948, 222.687988, 81.046032
1551878190.245865, 201.399948, 222.687988, 81.046032
1551878190.251842, 201.399948, 222.687988, 81.046032
1551878190.258338, 201.399948, 222.687988, 81.046032
1551878190.263925, 206.922211, 177.668930, 81.069056
1551878190.269381, 206.922211, 177.668930, 81.069056
1551878190.275070, 206.922211, 177.668930, 81.069056
1551878190.280961, 206.922211, 177.668930, 81.069056
1551878190.286266, 206.922211, 177.668930, 81.069056
1551878190.292424, 206.922211, 177.668930, 81.069056
1551878190.298441, 205.715271, 26.914711, 81.084556
1551878190.304088, 205.715271, 26.914711, 81.084556
1551878190.309953, 205.715271, 26.914711, 81.084556
1551878190.315817, 204.853729, -8.425712, 81.086832
1551878190.321861, 204.853729, -8.425712, 81.086832
1551878190.327572, 204.853729, -8.425712, 81.086832
1551878190.333264, 204.853729, -8.425712, 81.086832
1551878190.339156, 198.445953, -175.074997, 81.135883
1551878190.345776, 198.445953, -175.074997, 81.135883
1551878190.351080, 193.629379, -222.388397, 81.158406
1551878190.358139, 193.629379, -222.388397, 81.158406
1551878190.363663, 193.629379, -222.388397, 81.158406
1551878190.371812, 187.115768, -292.996124, 81.114449
1551878190.377738, 187.115768, -292.996124, 81.114449
1551878190.383120, 187.115768, -292.996124, 81.114449
1551878190.388976, 187.115768, -292.996124, 81.114449
1551878190.394333, 187.115768, -292.996124, 81.114449
1551878190.400042, 176.031265, -311.474274, 81.045991
1551878190.410074, 176.031265, -311.474274, 81.045991
1551878190.416036, 176.031265, -311.474274, 81.045991
1551878190.421465, 176.031265, -311.474274, 81.045991
1551878190.426758, 176.031265, -311.474274, 81.045991
1551878190.432481, 176.031265, -311.474274, 81.045991
1551878190.438477, 152.377411, -575.240723, 81.085653
1551878190.444515, 152.377411, -575.240723, 81.085653
1551878190.450390, 152.377411, -575.240723, 81.085653
1551878190.456610, 129.798752, -910.892395, 81.200301
1551878190.462712, 129.798752, -910.892395, 81.200301
1551878190.468093, 129.798752, -910.892395, 81.200301
1551878190.473538, 108.797859, -1048.893677, 81.336974
1551878190.479479, 108.797859, -1048.893677, 81.336974
1551878190.485035, 108.797859, -1048.893677, 81.336974
1551878190.490983, 91.345406, -1028.616455, 81.564432
1551878190.496618, 91.345406, -1028.616455, 81.564432
1551878190.502962, 91.345406, -1028.616455, 81.564432
1551878190.508567, 78.316261, -898.097900, 81.895144
1551878190.514479, 78.316261, -898.097900, 81.895144
1551878190.520407, 78.316261, -898.097900, 81.895144
1551878190.526604, 73.186699, -622.392029, 82.269389
1551878190.532445, 73.186699, -622.392029, 82.269389
1551878190.538956, 73.186699, -622.392029, 82.269389
1551878190.544459, 72.475914, -354.107361, 82.909502
1551878190.550084, 72.475914, -354.107361, 82.909502
1551878190.555733, 72.475914, -354.107361, 82.909502
1551878190.565250, 72.475914, -354.107361, 82.909502
1551878190.570967, 73.175743, -172.146439, 83.577030
1551878190.577282, 76.332985, -8.495462, 84.296917
1551878190.582960, 76.332985, -8.495462, 84.296917
1551878190.588757, 76.332985, -8.495462, 84.296917
1551878190.594135, 81.951431, 144.734543, 85.071793
1551878190.599931, 81.951431, 144.734543, 85.071793
1551878190.606217, 81.951431, 144.734543, 85.071793
1551878190.611550, 81.951431, 144.734543, 85.071793
1551878190.619169, 89.141220, 270.558746, 85.821856
1551878190.624650, 89.141220, 270.558746, 85.821856
1551878190.630035, 89.141220, 270.558746, 85.821856
1551878190.635721, 97.833801, 330.451538, 86.700678
1551878190.641285, 97.833801, 330.451538, 86.700678
1551878190.647271, 104.606140, 415.382477, 87.143083
1551878190.653187, 104.606140, 415.382477, 87.143083
1551878190.658556, 104.606140, 415.382477, 87.143083
1551878190.664256, 115.340790, 505.021881, 87.743024
1551878190.669593, 115.340790, 505.021881, 87.743024
1551878190.675924, 115.340790, 505.021881, 87.743024
1551878190.681575, 125.602325, 549.850464, 88.248880
1551878190.686889, 125.602325, 549.850464, 88.248880
1551878190.692295, 125.602325, 549.850464, 88.248880
1551878190.698804, 136.031387, 573.512817, 89.257772
1551878190.706077, 136.031387, 573.512817, 89.257772
1551878190.711732, 136.031387, 573.512817, 89.257772
1551878190.717110, 144.232361, 523.257751, 92.678733
1551878190.723107, 144.232361, 523.257751, 92.678733
1551878190.728666, 144.232361, 523.257751, 92.678733
1551878190.734033, 153.829559, 538.751526, 95.453034
1551878190.739809, 153.829559, 538.751526, 95.453034
1551878190.745705, 153.829559, 538.751526, 95.453034
1551878190.751387, 159.742691, 449.456451, 96.974829
1551878190.757100, 159.742691, 449.456451, 96.974829
1551878190.762582, 159.742691, 449.456451, 96.974829
1551878190.767981, 165.091476, 384.568573, 97.730490
1551878190.773501, 165.091476, 384.568573, 97.730490
1551878190.779021, 165.091476, 384.568573, 97.730490
1551878190.784945, 173.955917, 443.081787, 98.161731
1551878190.790684, 173.955917, 443.081787, 98.161731
1551878190.799053, 173.955917, 443.081787, 98.161731
1551878190.804811, 182.269073, 459.565460, 98.138150
1551878190.810497, 182.269073, 459.565460, 98.138150
1551878190.816565, 188.874496, 422.868256, 97.812194
1551878190.822422, 188.874496, 422.868256, 97.812194
1551878190.828050, 188.874496, 422.868256, 97.812194
1551878190.833562, 188.874496, 422.868256, 97.812194
1551878190.838900, 196.054947, 419.169830, 97.763674
1551878190.844617, 196.054947, 419.169830, 97.763674
1551878190.850135, 196.054947, 419.169830, 97.763674
1551878190.855737, 201.816467, 379.287201, 97.816619
1551878190.861151, 201.816467, 379.287201, 97.816619
1551878190.866565, 201.816467, 379.287201, 97.816619
1551878190.872467, 201.816467, 379.287201, 97.816619
1551878190.878041, 201.816467, 379.287201, 97.816619
1551878190.883569, 201.816467, 379.287201, 97.816619
1551878190.889452, 208.438217, 245.615921, 97.917447
1551878190.894933, 208.438217, 245.615921, 97.917447
1551878190.900840, 208.438217, 245.615921, 97.917447
1551878190.906726, 208.438217, 245.615921, 97.917447
1551878190.912032, 208.438217, 245.615921, 97.917447
1551878190.917445, 208.438217, 245.615921, 97.917447
1551878190.925666, 208.438217, 245.615921, 97.917447
1551878190.930932, 212.569611, 154.628891, 98.054502
1551878190.937035, 212.569611, 154.628891, 98.054502
1551878190.942593, 212.569611, 154.628891, 98.054502
1551878190.948540, 214.277451, 127.584419, 98.000558
1551878190.954397, 214.277451, 127.584419, 98.000558
1551878190.960365, 215.762711, 110.063919, 97.915385
1551878190.967399, 215.762711, 110.063919, 97.915385
1551878190.972827, 215.762711, 110.063919, 97.915385
1551878190.978263, 215.762711, 110.063919, 97.915385
1551878190.983691, 216.205566, 67.162109, 97.905790
1551878190.988991, 216.205566, 67.162109, 97.905790
1551878190.995555, 216.205566, 67.162109, 97.905790
1551878191.001540, 216.219208, 37.778652, 97.981479
1551878191.006919, 216.219208, 37.778652, 97.981479
1551878191.012341, 215.808746, 9.904952, 98.033081
1551878191.019250, 215.808746, 9.904952, 98.033081
1551878191.024892, 215.808746, 9.904952, 98.033081
1551878191.030182, 213.626480, -52.728333, 98.265115
1551878191.042820, 213.626480, -52.728333, 98.265115
1551878191.048431, 213.626480, -52.728333, 98.265115
1551878191.054475, 209.089890, -148.816940, 98.298031
1551878191.065065, 209.089890, -148.816940, 98.298031
1551878191.071136, 203.382645, -232.368378, 98.356930
1551878191.076787, 203.382645, -232.368378, 98.356930
1551878191.082193, 203.382645, -232.368378, 98.356930
1551878191.087890, 203.382645, -232.368378, 98.356930
1551878191.093347, 203.382645, -232.368378, 98.356930
1551878191.098788, 195.998337, -216.883377, 98.385306
1551878191.104315, 195.998337, -216.883377, 98.385306
1551878191.109648, 195.998337, -216.883377, 98.385306
1551878191.117591, 195.998337, -216.883377, 98.385306
1551878191.125528, 195.998337, -216.883377, 98.385306
1551878191.131522, 177.384949, -440.606384, 98.091470
1551878191.137456, 177.384949, -440.606384, 98.091470
1551878191.142906, 177.384949, -440.606384, 98.091470
1551878191.148166, 162.703751, -639.510986, 97.876194
1551878191.153581, 162.703751, -639.510986, 97.876194
1551878191.159127, 162.703751, -639.510986, 97.876194
1551878191.164701, 150.784607, -660.894897, 97.653046
1551878191.170572, 150.784607, -660.894897, 97.653046
1551878191.176406, 150.784607, -660.894897, 97.653046
1551878191.182289, 150.784607, -660.894897, 97.653046
1551878191.188339, 150.784607, -660.894897, 97.653046
1551878191.194243, 150.784607, -660.894897, 97.653046
1551878191.199601, 135.173996, -511.060150, 97.530649
1551878191.205078, 135.173996, -511.060150, 97.530649
1551878191.210675, 135.173996, -511.060150, 97.530649
1551878191.216380, 118.445831, -720.369202, 97.448012
1551878191.221752, 118.445831, -720.369202, 97.448012
1551878191.227340, 118.445831, -720.369202, 97.448012
1551878191.233288, 105.362999, -736.242188, 97.366085
1551878191.238795, 105.362999, -736.242188, 97.366085
1551878191.245296, 105.362999, -736.242188, 97.366085
1551878191.251320, 105.362999, -736.242188, 97.366085
1551878191.257191, 93.574684, -711.356567, 97.441993
1551878191.262734, 93.574684, -711.356567, 97.441993
1551878191.268162, 84.681435, -618.868042, 97.515233
1551878191.274041, 84.681435, -618.868042, 97.515233
1551878191.280033, 84.681435, -618.868042, 97.515233
1551878191.285318, 77.657921, -520.440063, 97.509077
1551878191.290755, 77.657921, -520.440063, 97.509077
1551878191.297021, 77.657921, -520.440063, 97.509077
1551878191.303004, 77.657921, -520.440063, 97.509077
1551878191.308441, 77.657921, -520.440063, 97.509077
1551878191.313842, 74.758461, -335.841431, 97.430016
1551878191.319263, 74.758461, -335.841431, 97.430016
1551878191.325151, 74.898201, -189.090866, 97.344842
1551878191.331090, 74.898201, -189.090866, 97.344842
1551878191.336556, 74.898201, -189.090866, 97.344842
1551878191.341889, 76.506111, -59.431202, 97.230198
1551878191.347773, 76.506111, -59.431202, 97.230198
1551878191.353824, 76.506111, -59.431202, 97.230198
1551878191.359332, 81.397308, 97.397766, 97.149609
1551878191.367287, 81.397308, 97.397766, 97.149609
1551878191.373153, 81.397308, 97.397766, 97.149609
1551878191.378834, 89.182091, 249.327087, 97.144124
1551878191.384717, 89.182091, 249.327087, 97.144124
1551878191.390202, 89.182091, 249.327087, 97.144124
1551878191.395594, 97.314880, 374.674683, 97.063157
1551878191.401139, 97.314880, 374.674683, 97.063157
1551878191.406661, 97.314880, 374.674683, 97.063157
1551878191.412322, 107.862755, 482.183899, 96.950771
1551878191.418216, 107.862755, 482.183899, 96.950771
1551878191.423771, 107.862755, 482.183899, 96.950771
1551878191.429651, 119.130157, 559.490723, 96.830984
1551878191.435414, 119.130157, 559.490723, 96.830984
1551878191.440684, 119.130157, 559.490723, 96.830984
1551878191.445980, 129.481964, 564.192444, 96.790435
1551878191.451298, 129.481964, 564.192444, 96.790435
1551878191.457316, 129.481964, 564.192444, 96.790435
1551878191.463196, 139.555359, 585.029114, 96.883562
1551878191.468676, 139.555359, 585.029114, 96.883562
1551878191.474130, 139.555359, 585.029114, 96.883562
1551878191.479857, 148.872742, 563.259277, 97.043291
1551878191.485136, 148.872742, 563.259277, 97.043291
1551878191.490597, 148.872742, 563.259277, 97.043291
1551878191.496473, 159.845840, 591.361389, 97.323658
1551878191.502227, 159.845840, 591.361389, 97.323658
1551878191.507932, 159.845840, 591.361389, 97.323658
1551878191.513799, 169.754120, 565.724182, 97.579686
1551878191.519195, 169.754120, 565.724182, 97.579686
1551878191.529276, 169.754120, 565.724182, 97.579686
1551878191.534634, 179.615021, 587.075867, 97.752154
1551878191.540480, 179.615021, 587.075867, 97.752154
1551878191.545859, 187.593399, 528.942505, 97.966081
1551878191.551944, 187.593399, 528.942505, 97.966081
1551878191.559082, 187.593399, 528.942505, 97.966081
1551878191.564522, 187.593399, 528.942505, 97.966081
1551878191.570401, 192.486069, 414.457764, 97.999634
1551878191.575993, 192.486069, 414.457764, 97.999634
1551878191.581235, 199.699371, 415.330963, 97.990908
1551878191.587099, 199.699371, 415.330963, 97.990908
1551878191.592840, 199.699371, 415.330963, 97.990908
1551878191.598172, 204.188812, 343.162781, 97.951563
1551878191.603703, 204.188812, 343.162781, 97.951563
1551878191.609740, 204.188812, 343.162781, 97.951563
1551878191.615111, 206.460770, 245.279495, 97.926540
1551878191.622687, 206.460770, 245.279495, 97.926540
1551878191.628005, 206.460770, 245.279495, 97.926540
1551878191.633916, 206.460770, 245.279495, 97.926540
1551878191.639221, 206.460770, 245.279495, 97.926540
1551878191.644900, 206.460770, 245.279495, 97.926540
1551878191.650333, 208.652725, 116.122368, 97.799883
1551878191.655949, 208.652725, 116.122368, 97.799883
1551878191.661773, 208.652725, 116.122368, 97.799883
1551878191.667719, 208.652725, 116.122368, 97.799883
1551878191.673599, 208.652725, 116.122368, 97.799883
1551878191.679103, 208.652725, 116.122368, 97.799883
1551878191.684621, 208.652725, 116.122368, 97.799883
1551878191.690176, 210.423386, 68.876503, 97.545344
1551878191.696145, 210.423386, 68.876503, 97.545344
1551878191.701577, 210.423386, 68.876503, 97.545344
1551878191.707458, 210.466324, 38.293407, 97.470435
1551878191.713515, 210.466324, 38.293407, 97.470435
1551878191.720459, 210.466324, 38.293407, 97.470435
1551878191.726466, 206.377411, -86.706650, 97.369448
1551878191.731759, 206.377411, -86.706650, 97.369448
1551878191.737572, 203.417801, -131.539078, 97.312598
1551878191.742858, 203.417801, -131.539078, 97.312598
1551878191.748545, 203.417801, -131.539078, 97.312598
1551878191.753874, 197.692978, -222.892532, 97.171260
1551878191.760128, 197.692978, -222.892532, 97.171260
1551878191.766073, 197.692978, -222.892532, 97.171260
1551878191.771355, 197.692978, -222.892532, 97.171260
1551878191.776754, 190.230133, -318.960266, 97.018489
1551878191.782736, 190.230133, -318.960266, 97.018489
1551878191.788616, 190.230133, -318.960266, 97.018489
1551878191.794446, 180.722672, -424.259949, 96.937816
1551878191.799838, 180.722672, -424.259949, 96.937816
1551878191.805196, 180.722672, -424.259949, 96.937816
1551878191.810709, 180.722672, -424.259949, 96.937816
1551878191.817167, 180.722672, -424.259949, 96.937816
1551878191.822698, 180.722672, -424.259949, 96.937816
1551878191.828222, 166.379700, -416.714661, 96.850124
1551878191.834143, 166.379700, -416.714661, 96.850124
1551878191.839623, 166.379700, -416.714661, 96.850124
1551878191.845263, 166.379700, -416.714661, 96.850124
1551878191.850741, 166.379700, -416.714661, 96.850124
1551878191.856294, 166.379700, -416.714661, 96.850124
1551878191.861738, 143.528610, -587.426575, 96.778563
1551878191.867342, 143.528610, -587.426575, 96.778563
1551878191.873080, 143.528610, -587.426575, 96.778563
1551878191.878519, 118.424957, -986.010437, 96.853372
1551878191.884064, 118.424957, -986.010437, 96.853372
1551878191.889624, 118.424957, -986.010437, 96.853372
1551878191.896177, 118.424957, -986.010437, 96.853372
1551878191.901863, 98.374184, -1064.430542, 96.849576
1551878191.907234, 98.374184, -1064.430542, 96.849576
1551878191.913095, 98.374184, -1064.430542, 96.849576
1551878191.918772, 83.041077, -958.472534, 96.823466
1551878191.924670, 83.041077, -958.472534, 96.823466
1551878191.930704, 83.041077, -958.472534, 96.823466
1551878191.936099, 74.616714, -740.431396, 96.783679
1551878191.942021, 74.616714, -740.431396, 96.783679
1551878191.947760, 73.404831, -440.592499, 96.655285
1551878191.953778, 73.404831, -440.592499, 96.655285
1551878191.959310, 73.404831, -440.592499, 96.655285
1551878191.964571, 75.446266, -184.761093, 96.423546
1551878191.970632, 75.446266, -184.761093, 96.423546
1551878191.978557, 75.446266, -184.761093, 96.423546
1551878191.984052, 75.446266, -184.761093, 96.423546
1551878191.992613, 83.318398, 109.855507, 96.125987
1551878191.998782, 83.318398, 109.855507, 96.125987
1551878192.004250, 93.756050, 316.474487, 96.042889
1551878192.009646, 93.756050, 316.474487, 96.042889
1551878192.015236, 101.237350, 401.089081, 96.053292
1551878192.020802, 101.237350, 401.089081, 96.053292
1551878192.028750, 101.237350, 401.089081, 96.053292
1551878192.034082, 101.237350, 401.089081, 96.053292
1551878192.039678, 111.332848, 485.204346, 96.148699
1551878192.045215, 111.332848, 485.204346, 96.148699
1551878192.050782, 121.196693, 523.933105, 96.312332
1551878192.056336, 121.196693, 523.933105, 96.312332
1551878192.066162, 121.196693, 523.933105, 96.312332
1551878192.072094, 132.635452, 586.302917, 96.406692
1551878192.077921, 132.635452, 586.302917, 96.406692
1551878192.083886, 144.080643, 619.686096, 96.565326
1551878192.089498, 144.080643, 619.686096, 96.565326
1551878192.095261, 144.080643, 619.686096, 96.565326
1551878192.100527, 155.596542, 640.686829, 96.696475
1551878192.106380, 155.596542, 640.686829, 96.696475
1551878192.112356, 155.596542, 640.686829, 96.696475
1551878192.119613, 155.596542, 640.686829, 96.696475
1551878192.125789, 166.781143, 641.422119, 96.750915
1551878192.131543, 166.781143, 641.422119, 96.750915
1551878192.140006, 175.699921, 583.165894, 96.991625
1551878192.145521, 175.699921, 583.165894, 96.991625
1551878192.150951, 175.699921, 583.165894, 96.991625
1551878192.156259, 185.075821, 563.993958, 97.567286
1551878192.161618, 185.075821, 563.993958, 97.567286
1551878192.167159, 185.075821, 563.993958, 97.567286
1551878192.172451, 192.397247, 498.480743, 98.646807
1551878192.178699, 192.397247, 498.480743, 98.646807
1551878192.184005, 192.397247, 498.480743, 98.646807
1551878192.189479, 197.321747, 399.016479, 99.966311
1551878192.195127, 197.321747, 399.016479, 99.966311
1551878192.201024, 197.321747, 399.016479, 99.966311
1551878192.206543, 202.209106, 345.397278, 101.651469
1551878192.212019, 202.209106, 345.397278, 101.651469
1551878192.217402, 202.209106, 345.397278, 101.651469
1551878192.223257, 202.209106, 345.397278, 101.651469
1551878192.228561, 202.209106, 345.397278, 101.651469
1551878192.234438, 202.209106, 345.397278, 101.651469
1551878192.240102, 211.174789, 283.587341, 103.949570
1551878192.246016, 211.174789, 283.587341, 103.949570
1551878192.252017, 211.174789, 283.587341, 103.949570
1551878192.257879, 211.174789, 283.587341, 103.949570
1551878192.263241, 211.174789, 283.587341, 103.949570
1551878192.268875, 211.174789, 283.587341, 103.949570
1551878192.274782, 215.015717, 160.872849, 108.133368
1551878192.280664, 215.015717, 160.872849, 108.133368
1551878192.287572, 215.015717, 160.872849, 108.133368
1551878192.293651, 216.329529, 121.696114, 109.375629
1551878192.299360, 216.329529, 121.696114, 109.375629
1551878192.304991, 216.329529, 121.696114, 109.375629
1551878192.311093, 216.329529, 121.696114, 109.375629
1551878192.316981, 216.851685, 79.419075, 110.084834
1551878192.323100, 216.851685, 79.419075, 110.084834
1551878192.329597, 216.851685, 79.419075, 110.084834
1551878192.335155, 216.880478, 43.464775, 111.765828
1551878192.342332, 216.880478, 43.464775, 111.765828
1551878192.348322, 216.880478, 43.464775, 111.765828
1551878192.354867, 216.546967, 14.602324, 113.401610
1551878192.363196, 216.546967, 14.602324, 113.401610
1551878192.369297, 216.546967, 14.602324, 113.401610
1551878192.374735, 213.483429, -69.027267, 114.734433
1551878192.380385, 208.827347, -177.442337, 115.226059
1551878192.386065, 208.827347, -177.442337, 115.226059
1551878192.391554, 208.827347, -177.442337, 115.226059
1551878192.397008, 198.591797, -367.836182, 115.817001
1551878192.402400, 198.591797, -367.836182, 115.817001
1551878192.411103, 198.591797, -367.836182, 115.817001
1551878192.416860, 198.591797, -367.836182, 115.817001
1551878192.422156, 194.008240, -320.260223, 116.290420
1551878192.428090, 194.008240, -320.260223, 116.290420
1551878192.433832, 194.008240, -320.260223, 116.290420
1551878192.439409, 187.218307, -348.550354, 117.008046
1551878192.445430, 187.218307, -348.550354, 117.008046
1551878192.451144, 187.218307, -348.550354, 117.008046
1551878192.456474, 187.218307, -348.550354, 117.008046
1551878192.462280, 187.218307, -348.550354, 117.008046
1551878192.468160, 161.998260, -621.546997, 118.140638
1551878192.473806, 161.998260, -621.546997, 118.140638
1551878192.479197, 161.998260, -621.546997, 118.140638
1551878192.484999, 161.998260, -621.546997, 118.140638
1551878192.491475, 161.998260, -621.546997, 118.140638
1551878192.496845, 161.998260, -621.546997, 118.140638
1551878192.502623, 142.953354, -570.808350, 118.833570
1551878192.508072, 142.953354, -570.808350, 118.833570
1551878192.513454, 142.953354, -570.808350, 118.833570
1551878192.519161, 125.972946, -759.802185, 56.845532
1551878192.525041, 125.972946, -759.802185, 56.845532
1551878192.530896, 125.972946, -759.802185, 56.845532
1551878192.536437, 112.592171, -765.195190, 45.015024
1551878192.541815, 112.592171, -765.195190, 45.015024
1551878192.547731, 112.592171, -765.195190, 45.015024
1551878192.553663, 101.706146, -702.016663, 43.736749
1551878192.559249, 101.706146, -702.016663, 43.736749
1551878192.565525, 101.706146, -702.016663, 43.736749
1551878192.570845, 101.706146, -702.016663, 43.736749
1551878192.576228, 94.614677, -515.427124, 43.744606
1551878192.581817, 94.614677, -515.427124, 43.744606
1551878192.588002, 94.478767, -315.948120, 43.821816
1551878192.593580, 94.478767, -315.948120, 43.821816
1551878192.598965, 94.478767, -315.948120, 43.821816
1551878192.604646, 97.130508, -99.632874, 44.135155
1551878192.610084, 97.130508, -99.632874, 44.135155
1551878192.619052, 97.130508, -99.632874, 44.135155
1551878192.624991, 97.130508, -99.632874, 44.135155
1551878192.630871, 102.629234, 92.590576, 44.483776
1551878192.636203, 102.629234, 92.590576, 44.483776
1551878192.641652, 109.306549, 227.381821, 45.019766
1551878192.646948, 109.306549, 227.381821, 45.019766
1551878192.652218, 109.306549, 227.381821, 45.019766
1551878192.657887, 116.495232, 313.668610, 45.721567
1551878192.663492, 116.495232, 313.668610, 45.721567
1551878192.668830, 116.495232, 313.668610, 45.721567
1551878192.674464, 116.495232, 313.668610, 45.721567
1551878192.679795, 123.504471, 343.358734, 48.916595
1551878192.685334, 123.504471, 343.358734, 48.916595
1551878192.690626, 123.504471, 343.358734, 48.916595
1551878192.696029, 130.628159, 381.854492, 51.513465
1551878192.701669, 130.628159, 381.854492, 51.513465
1551878192.707098, 130.628159, 381.854492, 51.513465
1551878192.712948, 140.357269, 471.120758, 53.221623
1551878192.718830, 140.357269, 471.120758, 53.221623
1551878192.724604, 140.357269, 471.120758, 53.221623
1551878192.730129, 150.648590, 527.916748, 54.239024
1551878192.735513, 150.648590, 527.916748, 54.239024
1551878192.741079, 150.648590, 527.916748, 54.239024
1551878192.746806, 162.003922, 586.768311, 55.574661
1551878192.752197, 162.003922, 586.768311, 55.574661
1551878192.758426, 162.003922, 586.768311, 55.574661
1551878192.763745, 170.445755, 540.351868, 56.348947
1551878192.769595, 170.445755, 540.351868, 56.348947
1551878192.775953, 170.445755, 540.351868, 56.348947
1551878192.781496, 178.397232, 502.490143, 57.390687
1551878192.786797, 178.397232, 502.490143, 57.390687
1551878192.792104, 178.397232, 502.490143, 57.390687
1551878192.797646, 185.081558, 448.973938, 58.953763
1551878192.803131, 185.081558, 448.973938, 58.953763
1551878192.809173, 185.081558, 448.973938, 58.953763
1551878192.814744, 193.832550, 474.577179, 60.206913
1551878192.821491, 193.832550, 474.577179, 60.206913
1551878192.826903, 193.832550, 474.577179, 60.206913
1551878192.833185, 200.566330, 434.381042, 60.777985
1551878192.838462, 200.566330, 434.381042, 60.777985
1551878192.845044, 200.566330, 434.381042, 60.777985
1551878192.850573, 205.302994, 360.198517, 61.178960
1551878192.856190, 205.302994, 360.198517, 61.178960
1551878192.861664, 205.302994, 360.198517, 61.178960
1551878192.867548, 208.611069, 281.905579, 61.530303
1551878192.873373, 208.611069, 281.905579, 61.530303
1551878192.878992, 208.611069, 281.905579, 61.530303
1551878192.884552, 210.297714, 196.929413, 61.747491
1551878192.890417, 210.297714, 196.929413, 61.747491
1551878192.898238, 211.117966, 127.900215, 62.108391
1551878192.905034, 211.117966, 127.900215, 62.108391
1551878192.911986, 211.117966, 127.900215, 62.108391
1551878192.917352, 211.467072, 77.719048, 62.539937
1551878192.922819, 211.467072, 77.719048, 62.539937
1551878192.930681, 211.467072, 77.719048, 62.539937
1551878192.935961, 211.641556, 46.728676, 63.290115
1551878192.941243, 211.641556, 46.728676, 63.290115
1551878192.946670, 211.641556, 46.728676, 63.290115
1551878192.952544, 211.519135, 21.707571, 63.679590
1551878192.958461, 211.519135, 21.707571, 63.679590
1551878192.963835, 211.519135, 21.707571, 63.679590
1551878192.969745, 210.344604, -19.570875, 63.899453
1551878192.975090, 210.344604, -19.570875, 63.899453
1551878192.980771, 210.344604, -19.570875, 63.899453
1551878192.986506, 205.673294, -134.647263, 64.115783
1551878192.992056, 205.673294, -134.647263, 64.115783
1551878192.997615, 205.673294, -134.647263, 64.115783
1551878193.003042, 197.975647, -277.284790, 64.430724
1551878193.008544, 197.975647, -277.284790, 64.430724
1551878193.014635, 197.975647, -277.284790, 64.430724
1551878193.020156, 190.730469, -342.176270, 64.675711
1551878193.025575, 190.730469, -342.176270, 64.675711
1551878193.031496, 190.730469, -342.176270, 64.675711
1551878193.036992, 190.730469, -342.176270, 64.675711
1551878193.042477, 181.543991, -428.812927, 64.990733
1551878193.047741, 181.543991, -428.812927, 64.990733
1551878193.053118, 181.543991, -428.812927, 64.990733
1551878193.058843, 171.469803, -496.935577, 65.329407
1551878193.065468, 171.469803, -496.935577, 65.329407
1551878193.071268, 171.469803, -496.935577, 65.329407
1551878193.076808, 171.469803, -496.935577, 65.329407
1551878193.082650, 171.469803, -496.935577, 65.329407
1551878193.087965, 171.469803, -496.935577, 65.329407
1551878193.093387, 158.683975, -406.797272, 66.131865
1551878193.098986, 158.683975, -406.797272, 66.131865
1551878193.106457, 140.709885, -698.074219, 66.762172
1551878193.111897, 140.709885, -698.074219, 66.762172
1551878193.117842, 140.709885, -698.074219, 66.762172
1551878193.123752, 140.709885, -698.074219, 66.762172
1551878193.129779, 125.495522, -780.433838, 67.672533
1551878193.135573, 125.495522, -780.433838, 67.672533
1551878193.141202, 125.495522, -780.433838, 67.672533
1551878193.147058, 111.008362, -805.525085, 68.344553
1551878193.152701, 111.008362, -805.525085, 68.344553
1551878193.158273, 111.008362, -805.525085, 68.344553
1551878193.163943, 100.249283, -720.255066, 68.662460
1551878193.169675, 100.249283, -720.255066, 68.662460
1551878193.175850, 100.249283, -720.255066, 68.662460
1551878193.181279, 96.361153, -492.122101, 68.761557
1551878193.187178, 96.361153, -492.122101, 68.761557
1551878193.193155, 96.361153, -492.122101, 68.761557
1551878193.199036, 96.059883, -272.549011, 68.583349
1551878193.205060, 96.059883, -272.549011, 68.583349
1551878193.210571, 96.059883, -272.549011, 68.583349
1551878193.216521, 96.506218, -135.134399, 68.504677
1551878193.223741, 96.506218, -135.134399, 68.504677
1551878193.229155, 100.615204, 36.545807, 68.452674
1551878193.235571, 100.615204, 36.545807, 68.452674
1551878193.240903, 100.615204, 36.545807, 68.452674
1551878193.246854, 106.469505, 174.665390, 68.435887
1551878193.252306, 106.469505, 174.665390, 68.435887
1551878193.259398, 106.469505, 174.665390, 68.435887
1551878193.265280, 112.928070, 266.815918, 68.483702
1551878193.271240, 112.928070, 266.815918, 68.483702
1551878193.276656, 112.928070, 266.815918, 68.483702
1551878193.282324, 122.603218, 401.947266, 68.517293
1551878193.287992, 122.603218, 401.947266, 68.517293
1551878193.294042, 122.603218, 401.947266, 68.517293
1551878193.299313, 130.702133, 432.261658, 68.588438
1551878193.304591, 130.702133, 432.261658, 68.588438
1551878193.310202, 130.702133, 432.261658, 68.588438
1551878193.317311, 130.702133, 432.261658, 68.588438
1551878193.322596, 138.287369, 395.397034, 68.717307
1551878193.327928, 138.287369, 395.397034, 68.717307
1551878193.333230, 145.942184, 458.318542, 68.790078
1551878193.339410, 145.942184, 458.318542, 68.790078
1551878193.344969, 145.942184, 458.318542, 68.790078
1551878193.350320, 155.810730, 508.774384, 68.941780
1551878193.355964, 155.810730, 508.774384, 68.941780
1551878193.362165, 155.810730, 508.774384, 68.941780
1551878193.368047, 155.810730, 508.774384, 68.941780
1551878193.373696, 163.232147, 471.580322, 69.185167
1551878193.379145, 163.232147, 471.580322, 69.185167
1551878193.384853, 169.175369, 412.262115, 69.612212
1551878193.390509, 169.175369, 412.262115, 69.612212
1551878193.396106, 169.175369, 412.262115, 69.612212
1551878193.401761, 169.175369, 412.262115, 69.612212
1551878193.408905, 175.078720, 378.013306, 69.905670
1551878193.415252, 175.078720, 378.013306, 69.905670
1551878193.421130, 182.314453, 397.391449, 69.813432
1551878193.426692, 182.314453, 397.391449, 69.813432
1551878193.433434, 182.314453, 397.391449, 69.813432
1551878193.438748, 186.327148, 320.715149, 69.785362
1551878193.444317, 186.327148, 320.715149, 69.785362
1551878193.450179, 186.327148, 320.715149, 69.785362
1551878193.456063, 188.322189, 225.829010, 70.356066
1551878193.461652, 188.322189, 225.829010, 70.356066
1551878193.467118, 188.322189, 225.829010, 70.356066
1551878193.472664, 189.977173, 165.715836, 70.936849
1551878193.478202, 189.977173, 165.715836, 70.936849
1551878193.484118, 189.977173, 165.715836, 70.936849
1551878193.489696, 190.818832, 111.581268, 70.900732
1551878193.495568, 190.818832, 111.581268, 70.900732
1551878193.501321, 190.818832, 111.581268, 70.900732
1551878193.507266, 190.646912, 55.578327, 70.851912
1551878193.513188, 190.646912, 55.578327, 70.851912
1551878193.519019, 190.646912, 55.578327, 70.851912
1551878193.524655, 189.964157, 11.636506, 70.777287
1551878193.530649, 189.964157, 11.636506, 70.777287
1551878193.536306, 189.964157, 11.636506, 70.777287
1551878193.541725, 185.776413, -105.397247, 70.723515
1551878193.547128, 185.776413, -105.397247, 70.723515
1551878193.553098, 185.776413, -105.397247, 70.723515
1551878193.559186, 179.902695, -212.452805, 70.686982
1551878193.565670, 179.902695, -212.452805, 70.686982
1551878193.572761, 179.902695, -212.452805, 70.686982
1551878193.578158, 171.993942, -325.315216, 70.669502
1551878193.583511, 171.993942, -325.315216, 70.669502
1551878193.589144, 171.993942, -325.315216, 70.669502
1551878193.594897, 162.612061, -413.104309, 70.633177
1551878193.600373, 162.612061, -413.104309, 70.633177
1551878193.609126, 162.612061, -413.104309, 70.633177
1551878193.615299, 152.136734, -515.321655, 70.791364
1551878193.625743, 152.136734, -515.321655, 70.791364
1551878193.631132, 139.878189, -558.452576, 71.051838
1551878193.636691, 139.878189, -558.452576, 71.051838
1551878193.642133, 139.878189, -558.452576, 71.051838
1551878193.647556, 130.138306, -602.252625, 71.405629
1551878193.652833, 130.138306, -602.252625, 71.405629
1551878193.658769, 130.138306, -602.252625, 71.405629
1551878193.664479, 118.673042, -637.752441, 72.013101
1551878193.669756, 118.673042, -637.752441, 72.013101
1551878193.675350, 118.673042, -637.752441, 72.013101
1551878193.680771, 107.055664, -651.996094, 72.673003
1551878193.686415, 107.055664, -651.996094, 72.673003
1551878193.692114, 107.055664, -651.996094, 72.673003
1551878193.697990, 97.381050, -609.045410, 73.124850
1551878193.703646, 97.381050, -609.045410, 73.124850
1551878193.709464, 97.381050, -609.045410, 73.124850
1551878193.715120, 91.186951, -471.008698, 73.403958
1551878193.721749, 91.186951, -471.008698, 73.403958
1551878193.727711, 91.186951, -471.008698, 73.403958
1551878193.733193, 90.148651, -296.593353, 73.594813
1551878193.739123, 90.148651, -296.593353, 73.594813
1551878193.744941, 90.148651, -296.593353, 73.594813
1551878193.750530, 90.529579, -149.656342, 73.725816
1551878193.756048, 90.529579, -149.656342, 73.725816
1551878193.761454, 90.529579, -149.656342, 73.725816
1551878193.767361, 93.827171, 7.081406, 73.862562
1551878193.772671, 93.827171, 7.081406, 73.862562
1551878193.778709, 93.827171, 7.081406, 73.862562
1551878193.784153, 100.240089, 174.449768, 74.032345
1551878193.789506, 100.240089, 174.449768, 74.032345
1551878193.795798, 100.240089, 174.449768, 74.032345
1551878193.801354, 108.678619, 318.225464, 74.196078
1551878193.806844, 108.678619, 318.225464, 74.196078
1551878193.813063, 108.678619, 318.225464, 74.196078
1551878193.818484, 117.898712, 416.638031, 74.255991
1551878193.823795, 117.898712, 416.638031, 74.255991
1551878193.830224, 117.898712, 416.638031, 74.255991
1551878193.836143, 127.340286, 475.851440, 74.446693
1551878193.841539, 127.340286, 475.851440, 74.446693
1551878193.848023, 127.340286, 475.851440, 74.446693
1551878193.853525, 136.271667, 494.045807, 74.862982
1551878193.858916, 136.271667, 494.045807, 74.862982
1551878193.864861, 136.271667, 494.045807, 74.862982
1551878193.870481, 144.881561, 494.601562, 75.132951
1551878193.876317, 144.881561, 494.601562, 75.132951
1551878193.881699, 144.881561, 494.601562, 75.132951
1551878193.886982, 144.881561, 494.601562, 75.132951
1551878193.892406, 153.345963, 491.963776, 75.300440
1551878193.899278, 153.345963, 491.963776, 75.300440
1551878193.904603, 162.762497, 515.352478, 75.642360
1551878193.909893, 162.762497, 515.352478, 75.642360
1551878193.915466, 162.762497, 515.352478, 75.642360
1551878193.921465, 171.274155, 503.829620, 75.960383
1551878193.927093, 171.274155, 503.829620, 75.960383
1551878193.933348, 171.274155, 503.829620, 75.960383
1551878193.939171, 179.964142, 502.568390, 76.118403
1551878193.945068, 179.964142, 502.568390, 76.118403
1551878193.951052, 179.964142, 502.568390, 76.118403
1551878193.956370, 187.729630, 477.388855, 76.292327
1551878193.961734, 187.729630, 477.388855, 76.292327
1551878193.967635, 187.729630, 477.388855, 76.292327
1551878193.973506, 194.672974, 441.829407, 76.444235
1551878193.978911, 194.672974, 441.829407, 76.444235
1551878193.984305, 194.672974, 441.829407, 76.444235
1551878193.989742, 194.672974, 441.829407, 76.444235
1551878193.995660, 202.146439, 433.578857, 76.434153
1551878194.001209, 202.146439, 433.578857, 76.434153
1551878194.006731, 202.146439, 433.578857, 76.434153
1551878194.012137, 202.146439, 433.578857, 76.434153
1551878194.017401, 202.146439, 433.578857, 76.434153
1551878194.022928, 202.146439, 433.578857, 76.434153
1551878194.028425, 209.156448, 271.027222, 76.300941
1551878194.034081, 209.156448, 271.027222, 76.300941
1551878194.040096, 209.156448, 271.027222, 76.300941
1551878194.045956, 209.156448, 271.027222, 76.300941
1551878194.051251, 209.156448, 271.027222, 76.300941
1551878194.060450, 209.156448, 271.027222, 76.300941
1551878194.065896, 211.979980, 136.530930, 76.330670
1551878194.071827, 211.979980, 136.530930, 76.330670
1551878194.077192, 211.979980, 136.530930, 76.330670
1551878194.083338, 212.237411, 80.362083, 76.406252
1551878194.089420, 212.237411, 80.362083, 76.406252
1551878194.095063, 212.237411, 80.362083, 76.406252
1551878194.100958, 212.096191, 39.393055, 76.726768
1551878194.106355, 212.096191, 39.393055, 76.726768
1551878194.111919, 212.096191, 39.393055, 76.726768
1551878194.117450, 210.491760, -21.479132, 76.783775
1551878194.124090, 210.491760, -21.479132, 76.783775
1551878194.130332, 210.491760, -21.479132, 76.783775
1551878194.135993, 204.277176, -173.744095, 76.855952
1551878194.141526, 204.277176, -173.744095, 76.855952
1551878194.147147, 196.764496, -303.233307, 77.056915
1551878194.152699, 196.764496, -303.233307, 77.056915
1551878194.158577, 196.764496, -303.233307, 77.056915
1551878194.163918, 196.764496, -303.233307, 77.056915
1551878194.169168, 186.298065, -441.762451, 77.282794
1551878194.174916, 186.298065, -441.762451, 77.282794
1551878194.180372, 186.298065, -441.762451, 77.282794
1551878194.186025, 186.298065, -441.762451, 77.282794
1551878194.191352, 186.298065, -441.762451, 77.282794
1551878194.197214, 186.298065, -441.762451, 77.282794
1551878194.202880, 174.809219, -363.326965, 77.427901
1551878194.208744, 174.809219, -363.326965, 77.427901
1551878194.214080, 174.809219, -363.326965, 77.427901
1551878194.219324, 174.809219, -363.326965, 77.427901
1551878194.224813, 174.809219, -363.326965, 77.427901
1551878194.230224, 174.809219, -363.326965, 77.427901
1551878194.235503, 153.628632, -538.946167, 77.535793
1551878194.241273, 153.628632, -538.946167, 77.535793
1551878194.247154, 153.628632, -538.946167, 77.535793
1551878194.252549, 153.628632, -538.946167, 77.535793
1551878194.258063, 153.628632, -538.946167, 77.535793
1551878194.263954, 153.628632, -538.946167, 77.535793
1551878194.269417, 153.628632, -538.946167, 77.535793
1551878194.274707, 126.150177, -718.504517, 77.657397
1551878194.280686, 126.150177, -718.504517, 77.657397
1551878194.286035, 107.048950, -895.758179, 77.721934
1551878194.291409, 107.048950, -895.758179, 77.721934
1551878194.297312, 107.048950, -895.758179, 77.721934
1551878194.302603, 99.540413, -682.041016, 77.715412
1551878194.308068, 99.540413, -682.041016, 77.715412
1551878194.313603, 99.540413, -682.041016, 77.715412
1551878194.319013, 99.540413, -682.041016, 77.715412
1551878194.324594, 98.631584, -391.364929, 77.710817
1551878194.330123, 98.631584, -391.364929, 77.710817
1551878194.338709, 98.631584, -391.364929, 77.710817
1551878194.344186, 99.274429, -193.936020, 77.629517
1551878194.350458, 99.274429, -193.936020, 77.629517
1551878194.355976, 99.274429, -193.936020, 77.629517
1551878194.361853, 102.402489, -21.338877, 77.536215
1551878194.367412, 102.402489, -21.338877, 77.536215
1551878194.373364, 107.753601, 130.690460, 77.541659
1551878194.379007, 107.753601, 130.690460, 77.541659
1551878194.384323, 107.753601, 130.690460, 77.541659
1551878194.389592, 114.171715, 240.972504, 77.553096
1551878194.395423, 114.171715, 240.972504, 77.553096
1551878194.401311, 114.171715, 240.972504, 77.553096
1551878194.407043, 114.171715, 240.972504, 77.553096
1551878194.412325, 119.801971, 279.934021, 77.626304
1551878194.417674, 119.801971, 279.934021, 77.626304
1551878194.423133, 119.801971, 279.934021, 77.626304
1551878194.428442, 125.648781, 305.445312, 77.652824
1551878194.433787, 125.648781, 305.445312, 77.652824
1551878194.439333, 125.648781, 305.445312, 77.652824
1551878194.445390, 133.730148, 380.595947, 77.696016
1551878194.450626, 133.730148, 380.595947, 77.696016
1551878194.456518, 133.730148, 380.595947, 77.696016
1551878194.461930, 141.921082, 422.861511, 77.815176
1551878194.467927, 141.921082, 422.861511, 77.815176
1551878194.473421, 141.921082, 422.861511, 77.815176
1551878194.479341, 141.921082, 422.861511, 77.815176
1551878194.485192, 149.932999, 440.947052, 77.883237
1551878194.490831, 149.932999, 440.947052, 77.883237
1551878194.496761, 155.683655, 390.204102, 77.914434
1551878194.502320, 155.683655, 390.204102, 77.914434
1551878194.507701, 155.683655, 390.204102, 77.914434
1551878194.513014, 163.163574, 409.286224, 77.958635
1551878194.518514, 163.163574, 409.286224, 77.958635
1551878194.524397, 163.163574, 409.286224, 77.958635
1551878194.529993, 163.163574, 409.286224, 77.958635
1551878194.535886, 169.762329, 367.957336, 78.028708
1551878194.541207, 169.762329, 367.957336, 78.028708
1551878194.547035, 175.747757, 383.707275, 78.065437
1551878194.553105, 175.747757, 383.707275, 78.065437
1551878194.558681, 175.747757, 383.707275, 78.065437
1551878194.565414, 175.747757, 383.707275, 78.065437
1551878194.571269, 182.455597, 386.239380, 78.055556
1551878194.577151, 182.455597, 386.239380, 78.055556
1551878194.582722, 189.075851, 384.341095, 78.126422
1551878194.590324, 189.075851, 384.341095, 78.126422
1551878194.595619, 189.075851, 384.341095, 78.126422
1551878194.600944, 192.147247, 288.897858, 78.125089
1551878194.606362, 192.147247, 288.897858, 78.125089
1551878194.612285, 192.147247, 288.897858, 78.125089
1551878194.618063, 194.739960, 224.599564, 78.125405
1551878194.623833, 194.739960, 224.599564, 78.125405
1551878194.629076, 194.739960, 224.599564, 78.125405
1551878194.634476, 197.523666, 194.963364, 78.141621
1551878194.639885, 197.523666, 194.963364, 78.141621
1551878194.645886, 197.523666, 194.963364, 78.141621
1551878194.651647, 197.684174, 109.229004, 78.163060
1551878194.657186, 197.684174, 109.229004, 78.163060
1551878194.662652, 197.684174, 109.229004, 78.163060
1551878194.668522, 199.249008, 100.403389, 78.181888
1551878194.674073, 199.249008, 100.403389, 78.181888
1551878194.680433, 199.249008, 100.403389, 78.181888
1551878194.686248, 201.320526, 109.225983, 78.196311
1551878194.691869, 201.320526, 109.225983, 78.196311
1551878194.697785, 201.320526, 109.225983, 78.196311
1551878194.703505, 201.751419, 70.324829, 78.202394
1551878194.708971, 201.751419, 70.324829, 78.202394
1551878194.714859, 201.751419, 70.324829, 78.202394
1551878194.720132, 201.005219, 18.034119, 78.237496
1551878194.725693, 201.005219, 18.034119, 78.237496
1551878194.731542, 201.005219, 18.034119, 78.237496
1551878194.736833, 200.155548, -12.884719, 78.191008
1551878194.742094, 200.155548, -12.884719, 78.191008
1551878194.747397, 200.155548, -12.884719, 78.191008
1551878194.752775, 200.155548, -12.884719, 78.191008
1551878194.758170, 198.393372, -53.847454, 77.980447
1551878194.764045, 198.393372, -53.847454, 77.980447
1551878194.769502, 198.393372, -53.847454, 77.980447
1551878194.774898, 192.655685, -180.964355, 77.965875
1551878194.780353, 192.655685, -180.964355, 77.965875
1551878194.786002, 192.655685, -180.964355, 77.965875
1551878194.791866, 187.095505, -246.227112, 77.958223
1551878194.797122, 187.095505, -246.227112, 77.958223
1551878194.802401, 187.095505, -246.227112, 77.958223
1551878194.807924, 180.481354, -309.165649, 77.949652
1551878194.813231, 180.481354, -309.165649, 77.949652
1551878194.818734, 180.481354, -309.165649, 77.949652
1551878194.824545, 171.439056, -396.354095, 77.923958
1551878194.830383, 171.439056, -396.354095, 77.923958
1551878194.836708, 171.439056, -396.354095, 77.923958
1551878194.842020, 160.608856, -514.933044, 77.919919
1551878194.847317, 160.608856, -514.933044, 77.919919
1551878194.853593, 160.608856, -514.933044, 77.919919
1551878194.859086, 149.638565, -568.838623, 77.941623
1551878194.864500, 149.638565, -568.838623, 77.941623
1551878194.870314, 149.638565, -568.838623, 77.941623
1551878194.875991, 149.638565, -568.838623, 77.941623
1551878194.881279, 149.638565, -568.838623, 77.941623
1551878194.886651, 149.638565, -568.838623, 77.941623
1551878194.892276, 132.550980, -514.837708, 77.985612
1551878194.897738, 132.550980, -514.837708, 77.985612
1551878194.902957, 132.550980, -514.837708, 77.985612
1551878194.909182, 132.550980, -514.837708, 77.985612
1551878194.915012, 114.811615, -749.129639, 78.026878
1551878194.920725, 114.811615, -749.129639, 78.026878
1551878194.926109, 114.811615, -749.129639, 78.026878
1551878194.931373, 101.657814, -752.809509, 78.079721
1551878194.937231, 101.657814, -752.809509, 78.079721
1551878194.942521, 101.657814, -752.809509, 78.079721
1551878194.948401, 94.318893, -582.970642, 77.989802
1551878194.954192, 94.318893, -582.970642, 77.989802
1551878194.959833, 94.318893, -582.970642, 77.989802
1551878194.965226, 91.532532, -386.618103, 77.864475
1551878194.970519, 91.532532, -386.618103, 77.864475
1551878194.975980, 91.532532, -386.618103, 77.864475
1551878194.981295, 91.183716, -226.493073, 77.707404
1551878194.986928, 91.183716, -226.493073, 77.707404
1551878194.992882, 91.183716, -226.493073, 77.707404
1551878194.998161, 91.276047, -119.501640, 77.571868
1551878195.003604, 91.276047, -119.501640, 77.571868
1551878195.009483, 91.276047, -119.501640, 77.571868
1551878195.015275, 92.800972, -23.897226, 77.467048
1551878195.020558, 92.800972, -23.897226, 77.467048
1551878195.026435, 92.800972, -23.897226, 77.467048
1551878195.032054, 97.534424, 112.554222, 77.370961
1551878195.037559, 97.534424, 112.554222, 77.370961
1551878195.043127, 97.534424, 112.554222, 77.370961
1551878195.048495, 97.534424, 112.554222, 77.370961
1551878195.054409, 104.613945, 250.490585, 77.253833
1551878195.059807, 104.613945, 250.490585, 77.253833
1551878195.065770, 104.613945, 250.490585, 77.253833
1551878195.071769, 104.613945, 250.490585, 77.253833
1551878195.077615, 113.306580, 363.581360, 77.129023
1551878195.083663, 113.306580, 363.581360, 77.129023
1551878195.089493, 120.815697, 398.651917, 77.099637
1551878195.095455, 120.815697, 398.651917, 77.099637
1551878195.101027, 120.815697, 398.651917, 77.099637
1551878195.106933, 126.611526, 369.037048, 77.124124
1551878195.112796, 126.611526, 369.037048, 77.124124
1551878195.118208, 126.611526, 369.037048, 77.124124
1551878195.124233, 136.103729, 451.244843, 77.127707
1551878195.129751, 136.103729, 451.244843, 77.127707
1551878195.135225, 145.533249, 493.174683, 77.124922
1551878195.140813, 145.533249, 493.174683, 77.124922
1551878195.146210, 145.533249, 493.174683, 77.124922
1551878195.152583, 153.529099, 479.396759, 77.182050
1551878195.158280, 153.529099, 479.396759, 77.182050
1551878195.163740, 153.529099, 479.396759, 77.182050
1551878195.169153, 153.529099, 479.396759, 77.182050
1551878195.174763, 163.387909, 520.226440, 77.216586
1551878195.180290, 163.387909, 520.226440, 77.216586
1551878195.186311, 163.387909, 520.226440, 77.216586
1551878195.192439, 170.661179, 473.444275, 77.263419
1551878195.197805, 170.661179, 473.444275, 77.263419
1551878195.203185, 170.661179, 473.444275, 77.263419
1551878195.208993, 176.139572, 401.106262, 77.308581
1551878195.214253, 176.139572, 401.106262, 77.308581
1551878195.220364, 176.139572, 401.106262, 77.308581
1551878195.226211, 184.885849, 448.588593, 77.378848
1551878195.231541, 184.885849, 448.588593, 77.378848
1551878195.237351, 184.885849, 448.588593, 77.378848
1551878195.243138, 192.647293, 447.610016, 77.398476
1551878195.248508, 192.647293, 447.610016, 77.398476
1551878195.253925, 192.647293, 447.610016, 77.398476
1551878195.259805, 192.647293, 447.610016, 77.398476
1551878195.265154, 192.647293, 447.610016, 77.398476
1551878195.271023, 192.647293, 447.610016, 77.398476
1551878195.276913, 206.369308, 411.113068, 77.482784
1551878195.282397, 206.369308, 411.113068, 77.482784
1551878195.288528, 206.369308, 411.113068, 77.482784
1551878195.293860, 206.369308, 411.113068, 77.482784
1551878195.299762, 206.369308, 411.113068, 77.482784
1551878195.308089, 206.369308, 411.113068, 77.482784
1551878195.313936, 211.358902, 221.291824, 77.745329
1551878195.319437, 211.358902, 221.291824, 77.745329
1551878195.325361, 211.358902, 221.291824, 77.745329
1551878195.330763, 213.440857, 174.695770, 77.873392
1551878195.336152, 213.440857, 174.695770, 77.873392
1551878195.342031, 213.440857, 174.695770, 77.873392
1551878195.347289, 213.440857, 174.695770, 77.873392
1551878195.352590, 213.440857, 174.695770, 77.873392
1551878195.358015, 213.440857, 174.695770, 77.873392
1551878195.363550, 216.247208, 108.196320, 77.835213
1551878195.369122, 216.247208, 108.196320, 77.835213
1551878195.374706, 216.247208, 108.196320, 77.835213
1551878195.380831, 216.516357, 65.355171, 77.844222
1551878195.386757, 216.516357, 65.355171, 77.844222
1551878195.392388, 216.516357, 65.355171, 77.844222
1551878195.398056, 216.669022, 39.231148, 77.871012
1551878195.403638, 216.669022, 39.231148, 77.871012
1551878195.409245, 216.669022, 39.231148, 77.871012
1551878195.414677, 215.525681, -9.264705, 77.903269
1551878195.420334, 215.525681, -9.264705, 77.903269
1551878195.427157, 215.525681, -9.264705, 77.903269
1551878195.432608, 214.124741, -42.245579, 77.920306
1551878195.439220, 214.124741, -42.245579, 77.920306
1551878195.445110, 214.124741, -42.245579, 77.920306
1551878195.452063, 214.124741, -42.245579, 77.920306
1551878195.457481, 210.474487, -119.606827, 77.914409
1551878195.463397, 210.474487, -119.606827, 77.914409
1551878195.468743, 201.762299, -295.981201, 77.939730
1551878195.474031, 201.762299, -295.981201, 77.939730
1551878195.479930, 201.762299, -295.981201, 77.939730
1551878195.485546, 194.370178, -354.619385, 77.934386
1551878195.490964, 194.370178, -354.619385, 77.934386
1551878195.497011, 194.370178, -354.619385, 77.934386
1551878195.502888, 194.370178, -354.619385, 77.934386
1551878195.508294, 180.842850, -546.174255, 77.955073
1551878195.513682, 180.842850, -546.174255, 77.955073
1551878195.518953, 180.842850, -546.174255, 77.955073
1551878195.524822, 180.842850, -546.174255, 77.955073
1551878195.530222, 180.842850, -546.174255, 77.955073
1551878195.536103, 170.832657, -369.279968, 77.949482
1551878195.541986, 170.832657, -369.279968, 77.949482
1551878195.548027, 170.832657, -369.279968, 77.949482
1551878195.553271, 170.832657, -369.279968, 77.949482
1551878195.561106, 170.832657, -369.279968, 77.949482
1551878195.567704, 170.832657, -369.279968, 77.949482
1551878195.573302, 170.832657, -369.279968, 77.949482
1551878195.578895, 148.056946, -564.339478, 77.843667
1551878195.586140, 148.056946, -564.339478, 77.843667
1551878195.592138, 128.273468, -846.726074, 77.772283
1551878195.599100, 128.273468, -846.726074, 77.772283
1551878195.605044, 128.273468, -846.726074, 77.772283
1551878195.610324, 128.273468, -846.726074, 77.772283
1551878195.618111, 128.273468, -846.726074, 77.772283
1551878195.624949, 128.273468, -846.726074, 77.772283
1551878195.630499, 92.213882, -851.029236, 77.845753
1551878195.637033, 92.213882, -851.029236, 77.845753
1551878195.642915, 88.640114, -708.813110, 77.876362
1551878195.648388, 88.640114, -708.813110, 77.876362
1551878195.654289, 88.640114, -708.813110, 77.876362
1551878195.660286, 87.258797, -417.860046, 77.985655
1551878195.666309, 87.258797, -417.860046, 77.985655
1551878195.673348, 87.258797, -417.860046, 77.985655
1551878195.679072, 88.049370, -204.561920, 78.193588
1551878195.684867, 88.049370, -204.561920, 78.193588
1551878195.690755, 91.678627, -13.681902, 78.476965
1551878195.696981, 91.678627, -13.681902, 78.476965
1551878195.704003, 91.678627, -13.681902, 78.476965
1551878195.710146, 91.678627, -13.681902, 78.476965
1551878195.715598, 100.383202, 223.714966, 78.906975
1551878195.721668, 100.383202, 223.714966, 78.906975
1551878195.727820, 100.383202, 223.714966, 78.906975
1551878195.733744, 109.834877, 372.655884, 79.511605
1551878195.743309, 109.834877, 372.655884, 79.511605
1551878195.749368, 109.834877, 372.655884, 79.511605
1551878195.756767, 120.484802, 402.519714, 80.629631
1551878195.762091, 124.892105, 420.068512, 80.724719
1551878195.767363, 124.892105, 420.068512, 80.724719
1551878195.772893, 124.892105, 420.068512, 80.724719
